0 0.123438 0.287500 0.121875 0.289583 0.118750 0.289583 0.117188 0.291667 0.115625 0.291667 0.114062 0.293750 0.112500 0.293750 0.110937 0.295833 0.109375 0.295833 0.095312 0.314583 0.095312 0.316667 0.092188 0.320833 0.092188 0.322917 0.089063 0.327083 0.089063 0.329167 0.085938 0.333333 0.085938 0.335417 0.082812 0.339583 0.082812 0.341667 0.081250 0.343750 0.079687 0.343750 0.079687 0.345833 0.076563 0.350000 0.076563 0.352083 0.075000 0.354167 0.075000 0.356250 0.071875 0.360417 0.071875 0.362500 0.070312 0.364583 0.070312 0.368750 0.068750 0.370833 0.068750 0.377083 0.067187 0.379167 0.067187 0.391667 0.065625 0.393750 0.065625 0.402083 0.064062 0.404167 0.064062 0.408333 0.062500 0.410417 0.062500 0.412500 0.060937 0.414583 0.060937 0.435417 0.057813 0.439583 0.057813 0.450000 0.054688 0.454167 0.054688 0.456250 0.051562 0.460417 0.050000 0.458333 0.048438 0.458333 0.046875 0.456250 0.046875 0.454167 0.045312 0.452083 0.045312 0.450000 0.034375 0.435417 0.032813 0.435417 0.031250 0.433333 0.031250 0.431250 0.029687 0.431250 0.026562 0.427083 0.025000 0.427083 0.021875 0.422917 0.020313 0.422917 0.018750 0.420833 0.010937 0.420833 0.009375 0.418750 0.007812 0.420833 0.003125 0.420833 0.001563 0.422917 0.000000 0.422917 0.000000 0.429167 0.003125 0.433333 0.003125 0.439583 0.006250 0.443750 0.006250 0.445833 0.009375 0.450000 0.009375 0.452083 0.010937 0.454167 0.010937 0.456250 0.012500 0.458333 0.012500 0.462500 0.014063 0.464583 0.014063 0.470833 0.015625 0.472917 0.015625 0.483333 0.014063 0.485417 0.015625 0.487500 0.015625 0.537500 0.014063 0.539583 0.015625 0.541667 0.015625 0.543750 0.014063 0.545833 0.014063 0.577083 0.012500 0.579167 0.012500 0.620833 0.014063 0.622917 0.014063 0.670833 0.012500 0.672917 0.014063 0.675000 0.014063 0.677083 0.012500 0.679167 0.012500 0.702083 0.010937 0.704167 0.010937 0.718750 0.009375 0.720833 0.009375 0.729167 0.007812 0.731250 0.007812 0.737500 0.006250 0.739583 0.006250 0.750000 0.004687 0.752083 0.004687 0.764583 0.003125 0.766667 0.003125 0.787500 0.004687 0.789583 0.004687 0.814583 0.006250 0.816667 0.006250 0.831250 0.007812 0.833333 0.007812 0.845833 0.009375 0.847917 0.009375 0.875000 0.010937 0.877083 0.010937 0.906250 0.012500 0.908333 0.012500 0.935417 0.014063 0.937500 0.014063 0.954167 0.015625 0.956250 0.015625 0.964583 0.017188 0.966667 0.017188 0.977083 0.018750 0.979167 0.018750 0.985417 0.020313 0.987500 0.020313 0.995833 0.021875 0.997917 0.156250 0.997917 0.156250 0.985417 0.154688 0.983333 0.154688 0.972917 0.153125 0.970833 0.153125 0.962500 0.151562 0.960417 0.151562 0.950000 0.150000 0.947917 0.150000 0.939583 0.148438 0.937500 0.148438 0.927083 0.146875 0.925000 0.146875 0.918750 0.145313 0.916667 0.145313 0.908333 0.143750 0.906250 0.143750 0.900000 0.142187 0.897917 0.142187 0.889583 0.140625 0.887500 0.140625 0.879167 0.139063 0.877083 0.139063 0.870833 0.137500 0.868750 0.137500 0.856250 0.135937 0.854167 0.135937 0.847917 0.134375 0.845833 0.134375 0.835417 0.132812 0.833333 0.132812 0.822917 0.131250 0.820833 0.131250 0.795833 0.129688 0.793750 0.129688 0.775000 0.131250 0.772917 0.131250 0.762500 0.132812 0.760417 0.132812 0.758333 0.134375 0.756250 0.134375 0.752083 0.137500 0.747917 0.137500 0.743750 0.140625 0.739583 0.140625 0.737500 0.145313 0.731250 0.145313 0.729167 0.148438 0.725000 0.148438 0.722917 0.154688 0.714583 0.154688 0.712500 0.157812 0.708333 0.157812 0.706250 0.160938 0.702083 0.160938 0.700000 0.164062 0.695833 0.164062 0.693750 0.165625 0.691667 0.165625 0.689583 0.168750 0.685417 0.168750 0.681250 0.171875 0.677083 0.171875 0.668750 0.173437 0.666667 0.173437 0.662500 0.175000 0.660417 0.175000 0.656250 0.176563 0.654167 0.176563 0.652083 0.178125 0.650000 0.178125 0.647917 0.179688 0.645833 0.179688 0.639583 0.181250 0.637500 0.181250 0.633333 0.184375 0.629167 0.184375 0.618750 0.185938 0.616667 0.185938 0.610417 0.187500 0.608333 0.187500 0.595833 0.189062 0.593750 0.189062 0.591667 0.190625 0.589583 0.190625 0.587500 0.192188 0.585417 0.192188 0.583333 0.193750 0.581250 0.193750 0.579167 0.198437 0.572917 0.198437 0.570833 0.201563 0.566667 0.201563 0.564583 0.203125 0.562500 0.203125 0.560417 0.209375 0.552083 0.209375 0.550000 0.210938 0.547917 0.210938 0.545833 0.212500 0.543750 0.212500 0.541667 0.214062 0.539583 0.214062 0.531250 0.210938 0.527083 0.210938 0.522917 0.206250 0.516667 0.196875 0.516667 0.192188 0.522917 0.190625 0.522917 0.189062 0.525000 0.187500 0.525000 0.185938 0.527083 0.184375 0.527083 0.182812 0.525000 0.182812 0.514583 0.184375 0.512500 0.182812 0.510417 0.185938 0.506250 0.185938 0.502083 0.187500 0.500000 0.187500 0.495833 0.189062 0.493750 0.189062 0.491667 0.190625 0.489583 0.190625 0.487500 0.193750 0.483333 0.193750 0.481250 0.195312 0.479167 0.195312 0.477083 0.198437 0.472917 0.198437 0.470833 0.201563 0.466667 0.201563 0.462500 0.203125 0.460417 0.203125 0.458333 0.207813 0.452083 0.207813 0.450000 0.210938 0.445833 0.210938 0.443750 0.212500 0.441667 0.212500 0.439583 0.214062 0.437500 0.215625 0.437500 0.217188 0.435417 0.221875 0.435417 0.223438 0.433333 0.225000 0.433333 0.228125 0.429167 0.228125 0.427083 0.229687 0.425000 0.229687 0.422917 0.232813 0.418750 0.229687 0.414583 0.229687 0.412500 0.228125 0.410417 0.225000 0.410417 0.223438 0.408333 0.212500 0.408333 0.210938 0.410417 0.209375 0.410417 0.207813 0.412500 0.204687 0.412500 0.201563 0.416667 0.200000 0.416667 0.196875 0.420833 0.193750 0.420833 0.192188 0.422917 0.187500 0.422917 0.179688 0.433333 0.179688 0.435417 0.176563 0.439583 0.176563 0.441667 0.175000 0.443750 0.173437 0.443750 0.171875 0.445833 0.171875 0.450000 0.167187 0.456250 0.167187 0.458333 0.165625 0.460417 0.164062 0.460417 0.162500 0.462500 0.162500 0.464583 0.159375 0.468750 0.154688 0.468750 0.153125 0.470833 0.151562 0.468750 0.151562 0.466667 0.150000 0.464583 0.150000 0.460417 0.151562 0.458333 0.151562 0.450000 0.153125 0.447917 0.153125 0.445833 0.154688 0.443750 0.154688 0.439583 0.156250 0.437500 0.156250 0.431250 0.157812 0.429167 0.157812 0.427083 0.159375 0.425000 0.159375 0.422917 0.164062 0.416667 0.164062 0.410417 0.167187 0.406250 0.167187 0.404167 0.168750 0.402083 0.168750 0.400000 0.171875 0.395833 0.171875 0.393750 0.176563 0.387500 0.178125 0.387500 0.189062 0.372917 0.190625 0.372917 0.196875 0.364583 0.196875 0.362500 0.201563 0.356250 0.201563 0.352083 0.204687 0.347917 0.204687 0.343750 0.206250 0.341667 0.206250 0.333333 0.204687 0.331250 0.204687 0.327083 0.200000 0.320833 0.187500 0.320833 0.185938 0.322917 0.184375 0.322917 0.182812 0.325000 0.181250 0.325000 0.179688 0.327083 0.178125 0.327083 0.176563 0.329167 0.173437 0.329167 0.167187 0.337500 0.165625 0.337500 0.160938 0.343750 0.159375 0.343750 0.157812 0.345833 0.156250 0.345833 0.156250 0.347917 0.153125 0.352083 0.151562 0.352083 0.148438 0.356250 0.146875 0.356250 0.143750 0.360417 0.142187 0.360417 0.139063 0.364583 0.139063 0.366667 0.135937 0.370833 0.135937 0.372917 0.134375 0.375000 0.134375 0.381250 0.132812 0.383333 0.132812 0.387500 0.131250 0.389583 0.131250 0.391667 0.129688 0.393750 0.129688 0.395833 0.128125 0.397917 0.128125 0.400000 0.126562 0.402083 0.126562 0.404167 0.125000 0.406250 0.125000 0.410417 0.123438 0.412500 0.123438 0.418750 0.120313 0.422917 0.120313 0.427083 0.117188 0.431250 0.117188 0.435417 0.114062 0.439583 0.109375 0.439583 0.107813 0.441667 0.106250 0.441667 0.101562 0.435417 0.101562 0.425000 0.103125 0.422917 0.103125 0.420833 0.101562 0.418750 0.103125 0.416667 0.103125 0.408333 0.104688 0.406250 0.103125 0.404167 0.104688 0.402083 0.104688 0.391667 0.107813 0.387500 0.107813 0.381250 0.109375 0.379167 0.109375 0.372917 0.114062 0.366667 0.114062 0.362500 0.117188 0.358333 0.117188 0.356250 0.118750 0.354167 0.118750 0.352083 0.121875 0.347917 0.121875 0.345833 0.126562 0.339583 0.126562 0.337500 0.129688 0.333333 0.129688 0.331250 0.132812 0.327083 0.132812 0.325000 0.134375 0.322917 0.134375 0.320833 0.135937 0.318750 0.135937 0.312500 0.137500 0.310417 0.137500 0.302083 0.135937 0.300000 0.135937 0.297917 0.129688 0.289583 0.128125 0.289583 0.126562 0.287500
0 0.160938 0.016667 0.159375 0.018750 0.154688 0.018750 0.153125 0.020833 0.151562 0.020833 0.150000 0.022917 0.148438 0.022917 0.146875 0.025000 0.145313 0.025000 0.140625 0.031250 0.139063 0.031250 0.135937 0.035417 0.134375 0.035417 0.129688 0.041667 0.128125 0.041667 0.125000 0.045833 0.123438 0.045833 0.121875 0.047917 0.120313 0.047917 0.117188 0.052083 0.115625 0.052083 0.114062 0.054167 0.112500 0.054167 0.109375 0.058333 0.107813 0.058333 0.106250 0.060417 0.104688 0.060417 0.101562 0.064583 0.098437 0.064583 0.096875 0.066667 0.095312 0.066667 0.093750 0.068750 0.092188 0.068750 0.090625 0.070833 0.089063 0.070833 0.087500 0.072917 0.085938 0.072917 0.082812 0.077083 0.081250 0.077083 0.079687 0.079167 0.076563 0.079167 0.075000 0.081250 0.073438 0.081250 0.071875 0.083333 0.070312 0.083333 0.068750 0.085417 0.067187 0.085417 0.065625 0.087500 0.064062 0.087500 0.062500 0.089583 0.059375 0.089583 0.057813 0.091667 0.056250 0.091667 0.054688 0.093750 0.053125 0.093750 0.051562 0.095833 0.050000 0.095833 0.050000 0.100000 0.048438 0.102083 0.048438 0.104167 0.043750 0.110417 0.042188 0.110417 0.042188 0.114583 0.039062 0.118750 0.037500 0.118750 0.037500 0.122917 0.035937 0.125000 0.034375 0.125000 0.032813 0.127083 0.029687 0.122917 0.025000 0.122917 0.021875 0.127083 0.017188 0.127083 0.017188 0.129167 0.014063 0.133333 0.012500 0.133333 0.009375 0.129167 0.006250 0.129167 0.004687 0.127083 0.001563 0.127083 0.000000 0.125000 0.000000 0.187500 0.004687 0.187500 0.006250 0.185417 0.007812 0.185417 0.009375 0.183333 0.010937 0.183333 0.012500 0.181250 0.017188 0.181250 0.018750 0.179167 0.021875 0.179167 0.023438 0.177083 0.025000 0.177083 0.026562 0.175000 0.042188 0.175000 0.043750 0.172917 0.051562 0.172917 0.048438 0.172917 0.045312 0.168750 0.048438 0.164583 0.050000 0.166667 0.051562 0.166667 0.053125 0.168750 0.075000 0.168750 0.076563 0.170833 0.085938 0.170833 0.087500 0.172917 0.095312 0.172917 0.096875 0.175000 0.100000 0.175000 0.101562 0.172917 0.114062 0.172917 0.115625 0.170833 0.121875 0.170833 0.123438 0.168750 0.126562 0.168750 0.128125 0.166667 0.129688 0.166667 0.131250 0.164583 0.131250 0.162500 0.132812 0.160417 0.132812 0.158333 0.134375 0.156250 0.134375 0.154167 0.135937 0.152083 0.135937 0.150000 0.137500 0.147917 0.137500 0.145833 0.139063 0.143750 0.139063 0.141667 0.140625 0.139583 0.140625 0.137500 0.143750 0.133333 0.143750 0.131250 0.145313 0.129167 0.145313 0.127083 0.146875 0.125000 0.146875 0.120833 0.148438 0.118750 0.148438 0.114583 0.150000 0.112500 0.150000 0.110417 0.151562 0.108333 0.151562 0.104167 0.153125 0.102083 0.153125 0.100000 0.156250 0.095833 0.156250 0.093750 0.160938 0.087500 0.160938 0.085417 0.164062 0.081250 0.164062 0.079167 0.168750 0.072917 0.178125 0.072917 0.179688 0.075000 0.181250 0.075000 0.184375 0.079167 0.185938 0.079167 0.190625 0.085417 0.192188 0.085417 0.193750 0.087500 0.195312 0.087500 0.196875 0.089583 0.200000 0.089583 0.201563 0.091667 0.207813 0.091667 0.209375 0.093750 0.212500 0.093750 0.214062 0.095833 0.218750 0.095833 0.218750 0.093750 0.220312 0.091667 0.220312 0.083333 0.218750 0.081250 0.218750 0.070833 0.220312 0.068750 0.221875 0.068750 0.226562 0.062500 0.226562 0.054167 0.220312 0.045833 0.218750 0.045833 0.217188 0.043750 0.215625 0.043750 0.214062 0.041667 0.212500 0.041667 0.207813 0.035417 0.206250 0.035417 0.204687 0.033333 0.203125 0.033333 0.201563 0.031250 0.200000 0.031250 0.198437 0.029167 0.196875 0.029167 0.195312 0.027083 0.192188 0.027083 0.190625 0.025000 0.187500 0.025000 0.185938 0.022917 0.184375 0.022917 0.182812 0.020833 0.179688 0.020833 0.178125 0.018750 0.173437 0.018750 0.171875 0.016667
2 0.189062 0.918750 0.187500 0.920833 0.181250 0.920833 0.178125 0.925000 0.178125 0.929167 0.176563 0.931250 0.176563 0.956250 0.175000 0.958333 0.175000 0.972917 0.173437 0.975000 0.173437 0.997917 0.215625 0.997917 0.215625 0.979167 0.217188 0.977083 0.217188 0.922917 0.215625 0.920833 0.215625 0.918750
2 0.106250 0.425000 0.106250 0.429167 0.107813 0.427083 0.107813 0.425000
2 0.107813 0.416667 0.106250 0.418750 0.106250 0.420833 0.107813 0.420833
2 0.112500 0.410417 0.114062 0.410417 0.115625 0.412500 0.117188 0.412500 0.118750 0.414583 0.115625 0.418750 0.114062 0.418750 0.117188 0.418750 0.117188 0.416667 0.118750 0.414583 0.118750 0.410417
2 0.189062 0.377083 0.189062 0.379167 0.185938 0.383333 0.184375 0.383333 0.178125 0.391667 0.176563 0.391667 0.176563 0.393750 0.171875 0.400000 0.171875 0.402083 0.170313 0.404167 0.170313 0.408333 0.168750 0.410417 0.168750 0.412500 0.165625 0.416667 0.165625 0.422917 0.162500 0.427083 0.162500 0.431250 0.160938 0.433333 0.160938 0.435417 0.157812 0.439583 0.157812 0.443750 0.156250 0.445833 0.156250 0.447917 0.154688 0.450000 0.154688 0.454167 0.153125 0.456250 0.153125 0.458333 0.154688 0.460417 0.157812 0.460417 0.168750 0.445833 0.168750 0.443750 0.173437 0.437500 0.171875 0.435417 0.171875 0.433333 0.173437 0.431250 0.173437 0.429167 0.175000 0.427083 0.176563 0.427083 0.179688 0.422917 0.181250 0.422917 0.185938 0.416667 0.187500 0.416667 0.189062 0.414583 0.189062 0.400000 0.190625 0.397917 0.190625 0.389583 0.192188 0.387500 0.192188 0.377083
2 0.178125 0.083333 0.176563 0.085417 0.176563 0.087500 0.175000 0.089583 0.175000 0.091667 0.171875 0.095833 0.171875 0.097917 0.170313 0.100000 0.170313 0.106250 0.168750 0.108333 0.168750 0.110417 0.165625 0.114583 0.165625 0.118750 0.164062 0.120833 0.164062 0.125000 0.162500 0.127083 0.162500 0.133333 0.160938 0.135417 0.160938 0.137500 0.159375 0.139583 0.159375 0.141667 0.156250 0.145833 0.156250 0.150000 0.154688 0.152083 0.154688 0.164583 0.153125 0.166667 0.153125 0.168750 0.146875 0.177083 0.148438 0.179167 0.148438 0.181250 0.143750 0.187500 0.143750 0.189583 0.142187 0.191667 0.142187 0.197917 0.140625 0.200000 0.140625 0.206250 0.139063 0.208333 0.139063 0.216667 0.137500 0.218750 0.137500 0.220833 0.134375 0.225000 0.134375 0.227083 0.131250 0.231250 0.131250 0.233333 0.128125 0.237500 0.126562 0.237500 0.126562 0.250000 0.125000 0.252083 0.125000 0.268750 0.123438 0.270833 0.123438 0.279167 0.125000 0.281250 0.126562 0.281250 0.128125 0.283333 0.129688 0.283333 0.132812 0.287500 0.134375 0.287500 0.137500 0.291667 0.137500 0.293750 0.139063 0.295833 0.139063 0.302083 0.140625 0.304167 0.140625 0.306250 0.139063 0.308333 0.139063 0.316667 0.137500 0.318750 0.137500 0.322917 0.135937 0.325000 0.135937 0.327083 0.132812 0.331250 0.132812 0.333333 0.129688 0.337500 0.129688 0.339583 0.126562 0.343750 0.126562 0.345833 0.125000 0.347917 0.125000 0.350000 0.123438 0.352083 0.123438 0.354167 0.121875 0.356250 0.125000 0.360417 0.121875 0.364583 0.118750 0.364583 0.120313 0.366667 0.120313 0.368750 0.118750 0.370833 0.117188 0.370833 0.115625 0.372917 0.117188 0.372917 0.118750 0.375000 0.117188 0.377083 0.115625 0.377083 0.114062 0.379167 0.114062 0.381250 0.117188 0.381250 0.118750 0.383333 0.117188 0.385417 0.115625 0.385417 0.114062 0.387500 0.112500 0.387500 0.114062 0.389583 0.121875 0.389583 0.123438 0.391667 0.121875 0.393750 0.112500 0.393750 0.110937 0.395833 0.107813 0.395833 0.107813 0.400000 0.106250 0.402083 0.106250 0.404167 0.107813 0.404167 0.107813 0.402083 0.112500 0.395833 0.117188 0.395833 0.118750 0.397917 0.120313 0.397917 0.121875 0.400000 0.120313 0.402083 0.114062 0.402083 0.114062 0.404167 0.121875 0.404167 0.121875 0.397917 0.123438 0.395833 0.125000 0.395833 0.126562 0.393750 0.126562 0.385417 0.125000 0.383333 0.125000 0.381250 0.123438 0.379167 0.123438 0.377083 0.125000 0.375000 0.128125 0.375000 0.129688 0.377083 0.129688 0.379167 0.129688 0.375000 0.131250 0.372917 0.132812 0.372917 0.135937 0.368750 0.135937 0.366667 0.137500 0.364583 0.137500 0.362500 0.143750 0.354167 0.145313 0.354167 0.150000 0.347917 0.151562 0.347917 0.153125 0.345833 0.154688 0.345833 0.160938 0.337500 0.162500 0.337500 0.168750 0.329167 0.170313 0.329167 0.171875 0.327083 0.173437 0.327083 0.176563 0.322917 0.178125 0.322917 0.179688 0.320833 0.181250 0.320833 0.182812 0.318750 0.184375 0.318750 0.185938 0.316667 0.189062 0.316667 0.190625 0.314583 0.195312 0.314583 0.196875 0.312500 0.200000 0.312500 0.203125 0.308333 0.203125 0.304167 0.204687 0.302083 0.204687 0.293750 0.206250 0.291667 0.206250 0.283333 0.207813 0.281250 0.207813 0.272917 0.209375 0.270833 0.209375 0.262500 0.210938 0.260417 0.210938 0.252083 0.212500 0.250000 0.212500 0.241667 0.214062 0.239583 0.214062 0.229167 0.215625 0.227083 0.215625 0.214583 0.217188 0.212500 0.217188 0.204167 0.218750 0.202083 0.218750 0.195833 0.220312 0.193750 0.220312 0.181250 0.221875 0.179167 0.221875 0.168750 0.223438 0.166667 0.223438 0.158333 0.225000 0.156250 0.225000 0.150000 0.226562 0.147917 0.226562 0.139583 0.228125 0.137500 0.228125 0.129167 0.229687 0.127083 0.229687 0.118750 0.228125 0.116667 0.228125 0.114583 0.226562 0.112500 0.226562 0.110417 0.221875 0.104167 0.220312 0.104167 0.218750 0.102083 0.215625 0.102083 0.214062 0.100000 0.210938 0.100000 0.209375 0.097917 0.206250 0.097917 0.204687 0.095833 0.201563 0.095833 0.200000 0.093750 0.195312 0.093750 0.193750 0.091667 0.192188 0.091667 0.190625 0.089583 0.189062 0.089583 0.187500 0.087500 0.185938 0.087500 0.184375 0.085417 0.182812 0.085417 0.181250 0.083333
2 0.525000 0.131250 0.521875 0.135417 0.520312 0.135417 0.518750 0.137500 0.518750 0.139583 0.515625 0.143750 0.514062 0.143750 0.514062 0.145833 0.496875 0.168750 0.496875 0.170833 0.495312 0.172917 0.495312 0.175000 0.493750 0.177083 0.493750 0.185417 0.495312 0.187500 0.495312 0.189583 0.496875 0.191667 0.496875 0.193750 0.498437 0.195833 0.498437 0.197917 0.500000 0.200000 0.500000 0.202083 0.501563 0.204167 0.503125 0.204167 0.512500 0.216667 0.515625 0.216667 0.517188 0.218750 0.518750 0.218750 0.542188 0.250000 0.543750 0.250000 0.553125 0.262500 0.553125 0.264583 0.564063 0.279167 0.564063 0.281250 0.565625 0.283333 0.567187 0.283333 0.582812 0.304167 0.584375 0.304167 0.592187 0.314583 0.593750 0.314583 0.598437 0.320833 0.600000 0.320833 0.604688 0.327083 0.606250 0.327083 0.607812 0.329167 0.607812 0.331250 0.621875 0.350000 0.623437 0.350000 0.628125 0.356250 0.629687 0.356250 0.631250 0.358333 0.632812 0.358333 0.639062 0.366667 0.639062 0.368750 0.650000 0.383333 0.650000 0.385417 0.651563 0.387500 0.653125 0.387500 0.657813 0.393750 0.657813 0.395833 0.687500 0.435417 0.689063 0.435417 0.703125 0.454167 0.704688 0.454167 0.714063 0.466667 0.715625 0.466667 0.723437 0.477083 0.725000 0.477083 0.728125 0.481250 0.729688 0.481250 0.731250 0.483333 0.732812 0.483333 0.734375 0.481250 0.739062 0.481250 0.740625 0.479167 0.743750 0.479167 0.745313 0.477083 0.746875 0.477083 0.751563 0.470833 0.753125 0.470833 0.756250 0.466667 0.757812 0.466667 0.757812 0.464583 0.759375 0.462500 0.759375 0.460417 0.760938 0.458333 0.760938 0.454167 0.762500 0.452083 0.762500 0.450000 0.760938 0.447917 0.760938 0.445833 0.759375 0.443750 0.759375 0.441667 0.756250 0.437500 0.756250 0.435417 0.750000 0.427083 0.750000 0.425000 0.742188 0.414583 0.740625 0.414583 0.723437 0.391667 0.723437 0.389583 0.721875 0.387500 0.720313 0.387500 0.718750 0.385417 0.718750 0.383333 0.710938 0.372917 0.710938 0.370833 0.692187 0.345833 0.690625 0.345833 0.684375 0.337500 0.682813 0.337500 0.679688 0.333333 0.678125 0.333333 0.667188 0.318750 0.665625 0.318750 0.664062 0.316667 0.664062 0.314583 0.662500 0.314583 0.659375 0.310417 0.657813 0.310417 0.654687 0.306250 0.654687 0.304167 0.653125 0.302083 0.653125 0.300000 0.651563 0.297917 0.650000 0.297917 0.646875 0.293750 0.646875 0.289583 0.642188 0.283333 0.640625 0.283333 0.606250 0.237500 0.606250 0.235417 0.604688 0.233333 0.603125 0.233333 0.596875 0.225000 0.595313 0.225000 0.584375 0.210417 0.584375 0.208333 0.575000 0.195833 0.575000 0.193750 0.571875 0.189583 0.570312 0.189583 0.565625 0.183333 0.564063 0.183333 0.560937 0.179167 0.560937 0.177083 0.556250 0.170833 0.554688 0.170833 0.542188 0.154167 0.540625 0.154167 0.539062 0.152083 0.539062 0.150000 0.537500 0.147917 0.537500 0.145833 0.534375 0.141667 0.534375 0.139583 0.531250 0.135417 0.531250 0.133333 0.529687 0.133333 0.528125 0.131250
2 0.681250 0.033333 0.679688 0.035417 0.676562 0.035417 0.675000 0.037500 0.673438 0.037500 0.671875 0.039583 0.668750 0.039583 0.665625 0.043750 0.665625 0.045833 0.667188 0.047917 0.665625 0.050000 0.664062 0.050000 0.664062 0.052083 0.659375 0.058333 0.659375 0.060417 0.657813 0.062500 0.657813 0.072917 0.656250 0.075000 0.656250 0.089583 0.657813 0.091667 0.657813 0.095833 0.660937 0.100000 0.660937 0.102083 0.662500 0.104167 0.662500 0.106250 0.665625 0.110417 0.665625 0.112500 0.668750 0.116667 0.668750 0.118750 0.673438 0.125000 0.673438 0.127083 0.676562 0.131250 0.676562 0.133333 0.679688 0.137500 0.679688 0.139583 0.681250 0.141667 0.681250 0.143750 0.685937 0.150000 0.685937 0.152083 0.687500 0.154167 0.687500 0.156250 0.690625 0.160417 0.690625 0.162500 0.693750 0.166667 0.693750 0.168750 0.696875 0.172917 0.696875 0.175000 0.700000 0.179167 0.700000 0.181250 0.703125 0.185417 0.703125 0.187500 0.706250 0.191667 0.706250 0.193750 0.709375 0.197917 0.709375 0.200000 0.712500 0.204167 0.712500 0.206250 0.715625 0.210417 0.715625 0.212500 0.720313 0.218750 0.720313 0.220833 0.725000 0.227083 0.725000 0.229167 0.728125 0.233333 0.728125 0.235417 0.731250 0.239583 0.731250 0.241667 0.735938 0.247917 0.735938 0.250000 0.740625 0.256250 0.740625 0.258333 0.742188 0.260417 0.742188 0.262500 0.748437 0.270833 0.748437 0.272917 0.751563 0.277083 0.751563 0.279167 0.757812 0.287500 0.757812 0.289583 0.762500 0.295833 0.762500 0.297917 0.764062 0.297917 0.765625 0.300000 0.767188 0.300000 0.768750 0.302083 0.770312 0.302083 0.771875 0.304167 0.781250 0.304167 0.782813 0.302083 0.785937 0.302083 0.789062 0.297917 0.790625 0.297917 0.787500 0.293750 0.790625 0.289583 0.792188 0.289583 0.796875 0.283333 0.798438 0.283333 0.800000 0.281250 0.800000 0.275000 0.796875 0.270833 0.800000 0.266667 0.800000 0.262500 0.798438 0.260417 0.798438 0.258333 0.795312 0.254167 0.795312 0.252083 0.793750 0.250000 0.793750 0.247917 0.792188 0.245833 0.792188 0.243750 0.790625 0.241667 0.790625 0.239583 0.789062 0.237500 0.789062 0.235417 0.785937 0.231250 0.785937 0.229167 0.782813 0.225000 0.782813 0.222917 0.781250 0.220833 0.781250 0.218750 0.779687 0.216667 0.779687 0.214583 0.778125 0.212500 0.778125 0.210417 0.776563 0.208333 0.776563 0.206250 0.775000 0.204167 0.775000 0.202083 0.773438 0.200000 0.773438 0.197917 0.768750 0.191667 0.768750 0.189583 0.765625 0.185417 0.765625 0.183333 0.762500 0.179167 0.762500 0.177083 0.759375 0.172917 0.759375 0.170833 0.750000 0.158333 0.750000 0.152083 0.745313 0.145833 0.745313 0.143750 0.743750 0.141667 0.743750 0.139583 0.742188 0.137500 0.742188 0.135417 0.737500 0.129167 0.737500 0.127083 0.735938 0.125000 0.735938 0.122917 0.734375 0.120833 0.734375 0.118750 0.731250 0.114583 0.731250 0.110417 0.725000 0.102083 0.725000 0.100000 0.720313 0.093750 0.720313 0.091667 0.717187 0.087500 0.717187 0.085417 0.715625 0.083333 0.715625 0.081250 0.714063 0.079167 0.714063 0.077083 0.710938 0.072917 0.710938 0.070833 0.706250 0.064583 0.706250 0.062500 0.703125 0.058333 0.703125 0.056250 0.701562 0.054167 0.701562 0.052083 0.700000 0.050000 0.700000 0.047917 0.698438 0.045833 0.698438 0.043750 0.690625 0.033333 0.685937 0.033333 0.684375 0.035417 0.682813 0.035417
3 0.465625 0.310417 0.465625 0.312500 0.464062 0.314583 0.464062 0.316667 0.462500 0.318750 0.462500 0.333333 0.464062 0.335417 0.464062 0.345833 0.465625 0.347917 0.465625 0.350000 0.478125 0.366667 0.479687 0.366667 0.487500 0.377083 0.489063 0.377083 0.495312 0.385417 0.496875 0.385417 0.501563 0.391667 0.503125 0.391667 0.506250 0.395833 0.507812 0.395833 0.510938 0.400000 0.512500 0.400000 0.525000 0.416667 0.526563 0.416667 0.529687 0.420833 0.531250 0.420833 0.534375 0.425000 0.535937 0.425000 0.540625 0.431250 0.542188 0.431250 0.551562 0.443750 0.553125 0.443750 0.565625 0.460417 0.567187 0.460417 0.570312 0.464583 0.571875 0.464583 0.575000 0.468750 0.575000 0.470833 0.579688 0.477083 0.581250 0.477083 0.582812 0.479167 0.587500 0.479167 0.590625 0.475000 0.590625 0.470833 0.589063 0.468750 0.589063 0.466667 0.564063 0.433333 0.562500 0.433333 0.548438 0.414583 0.548438 0.412500 0.546875 0.410417 0.546875 0.408333 0.545312 0.406250 0.545312 0.404167 0.543750 0.402083 0.543750 0.400000 0.540625 0.395833 0.540625 0.393750 0.539062 0.391667 0.539062 0.389583 0.537500 0.387500 0.537500 0.385417 0.518750 0.360417 0.518750 0.358333 0.500000 0.333333 0.498437 0.333333 0.492188 0.325000 0.490625 0.325000 0.482812 0.314583 0.481250 0.314583 0.479687 0.312500 0.478125 0.312500 0.476562 0.310417
4 0.406250 0.956250 0.404687 0.958333 0.400000 0.958333 0.398438 0.960417 0.396875 0.960417 0.393750 0.964583 0.392188 0.964583 0.390625 0.966667 0.389062 0.966667 0.387500 0.968750 0.384375 0.968750 0.382812 0.970833 0.379688 0.970833 0.376563 0.975000 0.376563 0.977083 0.375000 0.979167 0.375000 0.997917 0.403125 0.997917 0.403125 0.995833 0.401562 0.993750 0.401562 0.991667 0.398438 0.987500 0.398438 0.981250 0.407813 0.968750 0.418750 0.968750 0.420312 0.966667 0.462500 0.966667 0.464062 0.968750 0.471875 0.968750 0.473438 0.970833 0.475000 0.970833 0.478125 0.975000 0.479687 0.975000 0.481250 0.977083 0.479687 0.979167 0.476562 0.979167 0.473438 0.983333 0.468750 0.983333 0.467187 0.985417 0.460938 0.985417 0.459375 0.987500 0.450000 0.987500 0.448437 0.989583 0.446875 0.989583 0.445312 0.991667 0.439063 0.991667 0.437500 0.993750 0.432812 0.993750 0.431250 0.995833 0.428125 0.995833 0.426563 0.997917 0.478125 0.997917 0.479687 0.995833 0.484375 0.995833 0.485938 0.993750 0.492188 0.993750 0.493750 0.991667 0.498437 0.991667 0.500000 0.989583 0.504687 0.989583 0.506250 0.987500 0.510938 0.987500 0.512500 0.985417 0.515625 0.985417 0.517188 0.983333 0.523438 0.983333 0.525000 0.981250 0.529687 0.981250 0.531250 0.979167 0.543750 0.979167 0.545312 0.977083 0.550000 0.977083 0.551562 0.979167 0.554688 0.979167 0.556250 0.981250 0.557813 0.981250 0.564063 0.989583 0.565625 0.989583 0.567187 0.991667 0.568750 0.991667 0.570312 0.993750 0.576562 0.993750 0.579688 0.989583 0.581250 0.989583 0.582812 0.987500 0.582812 0.985417 0.584375 0.983333 0.584375 0.977083 0.582812 0.975000 0.582812 0.972917 0.579688 0.968750 0.578125 0.968750 0.576562 0.966667 0.573438 0.966667 0.571875 0.964583 0.568750 0.964583 0.567187 0.962500 0.565625 0.962500 0.564063 0.960417 0.562500 0.960417 0.559375 0.956250 0.542188 0.956250 0.540625 0.958333 0.470313 0.958333 0.468750 0.956250
1 0.229687 0.075000 0.228125 0.077083 0.226562 0.077083 0.226562 0.106250 0.228125 0.108333 0.228125 0.110417 0.229687 0.112500 0.229687 0.114583 0.231250 0.116667 0.231250 0.120833 0.229687 0.122917 0.229687 0.133333 0.228125 0.135417 0.228125 0.141667 0.226562 0.143750 0.226562 0.154167 0.225000 0.156250 0.225000 0.168750 0.223438 0.170833 0.223438 0.179167 0.221875 0.181250 0.221875 0.191667 0.220312 0.193750 0.220312 0.202083 0.218750 0.204167 0.218750 0.214583 0.217188 0.216667 0.217188 0.231250 0.215625 0.233333 0.215625 0.239583 0.214062 0.241667 0.214062 0.247917 0.212500 0.250000 0.212500 0.260417 0.210938 0.262500 0.210938 0.268750 0.209375 0.270833 0.209375 0.281250 0.207813 0.283333 0.207813 0.293750 0.206250 0.295833 0.206250 0.306250 0.204687 0.308333 0.204687 0.310417 0.206250 0.312500 0.206250 0.314583 0.215625 0.327083 0.215625 0.341667 0.214062 0.343750 0.214062 0.345833 0.212500 0.347917 0.212500 0.350000 0.210938 0.352083 0.210938 0.354167 0.200000 0.368750 0.200000 0.370833 0.196875 0.375000 0.196875 0.379167 0.195312 0.381250 0.195312 0.389583 0.193750 0.391667 0.193750 0.404167 0.192188 0.406250 0.193750 0.408333 0.193750 0.410417 0.200000 0.410417 0.201563 0.408333 0.203125 0.408333 0.204687 0.406250 0.207813 0.406250 0.209375 0.404167 0.210938 0.404167 0.212500 0.402083 0.226562 0.402083 0.228125 0.404167 0.229687 0.404167 0.231250 0.406250 0.232813 0.406250 0.235937 0.410417 0.235937 0.412500 0.237500 0.414583 0.237500 0.425000 0.235937 0.427083 0.235937 0.429167 0.229687 0.437500 0.228125 0.437500 0.226562 0.439583 0.225000 0.439583 0.223438 0.441667 0.223438 0.443750 0.221875 0.445833 0.221875 0.450000 0.220312 0.452083 0.215625 0.452083 0.214062 0.454167 0.214062 0.456250 0.212500 0.458333 0.212500 0.460417 0.210938 0.462500 0.210938 0.464583 0.206250 0.470833 0.206250 0.472917 0.204687 0.475000 0.204687 0.477083 0.203125 0.479167 0.203125 0.481250 0.200000 0.485417 0.200000 0.489583 0.198437 0.491667 0.198437 0.493750 0.196875 0.495833 0.196875 0.504167 0.200000 0.508333 0.203125 0.508333 0.204687 0.510417 0.206250 0.510417 0.207813 0.512500 0.209375 0.512500 0.210938 0.514583 0.212500 0.514583 0.214062 0.516667 0.214062 0.518750 0.215625 0.520833 0.215625 0.525000 0.217188 0.527083 0.217188 0.529167 0.218750 0.531250 0.218750 0.541667 0.217188 0.543750 0.217188 0.547917 0.215625 0.550000 0.215625 0.554167 0.214062 0.556250 0.214062 0.558333 0.207813 0.566667 0.207813 0.568750 0.206250 0.570833 0.206250 0.572917 0.204687 0.575000 0.204687 0.577083 0.201563 0.581250 0.201563 0.583333 0.200000 0.585417 0.200000 0.587500 0.198437 0.589583 0.198437 0.591667 0.195312 0.595833 0.195312 0.597917 0.193750 0.600000 0.193750 0.602083 0.192188 0.604167 0.192188 0.608333 0.190625 0.610417 0.190625 0.614583 0.189062 0.616667 0.189062 0.627083 0.187500 0.629167 0.187500 0.637500 0.185938 0.639583 0.185938 0.643750 0.184375 0.645833 0.184375 0.650000 0.182812 0.652083 0.182812 0.654167 0.181250 0.656250 0.181250 0.658333 0.179688 0.660417 0.179688 0.662500 0.178125 0.664583 0.178125 0.668750 0.176563 0.670833 0.176563 0.677083 0.175000 0.679167 0.175000 0.737500 0.176563 0.739583 0.176563 0.810417 0.178125 0.812500 0.178125 0.872917 0.179688 0.875000 0.179688 0.908333 0.181250 0.910417 0.181250 0.914583 0.182812 0.916667 0.215625 0.916667 0.217188 0.918750 0.217188 0.929167 0.218750 0.931250 0.218750 0.941667 0.221875 0.945833 0.264062 0.945833 0.265625 0.943750 0.298438 0.943750 0.300000 0.941667 0.334375 0.941667 0.335938 0.939583 0.348438 0.939583 0.350000 0.937500 0.365625 0.937500 0.368750 0.933333 0.368750 0.929167 0.370312 0.927083 0.370312 0.914583 0.371875 0.912500 0.371875 0.900000 0.373437 0.897917 0.373437 0.889583 0.375000 0.887500 0.375000 0.875000 0.376563 0.872917 0.376563 0.864583 0.378125 0.862500 0.378125 0.847917 0.379688 0.845833 0.379688 0.833333 0.381250 0.831250 0.381250 0.822917 0.382812 0.820833 0.382812 0.806250 0.384375 0.804167 0.384375 0.791667 0.385937 0.789583 0.385937 0.779167 0.387500 0.777083 0.387500 0.762500 0.389062 0.760417 0.389062 0.752083 0.390625 0.750000 0.390625 0.737500 0.392188 0.735417 0.392188 0.722917 0.393750 0.720833 0.393750 0.708333 0.395313 0.706250 0.395313 0.691667 0.396875 0.689583 0.396875 0.679167 0.398438 0.677083 0.398438 0.664583 0.400000 0.662500 0.400000 0.650000 0.401562 0.647917 0.401562 0.633333 0.403125 0.631250 0.403125 0.618750 0.404687 0.616667 0.404687 0.604167 0.406250 0.602083 0.406250 0.591667 0.407813 0.589583 0.407813 0.579167 0.409375 0.577083 0.409375 0.562500 0.410938 0.560417 0.410938 0.547917 0.412500 0.545833 0.412500 0.535417 0.414062 0.533333 0.414062 0.518750 0.415625 0.516667 0.415625 0.504167 0.417187 0.502083 0.417187 0.489583 0.418750 0.487500 0.418750 0.470833 0.420312 0.468750 0.420312 0.460417 0.421875 0.458333 0.421875 0.443750 0.423438 0.441667 0.423438 0.429167 0.425000 0.427083 0.425000 0.412500 0.426563 0.410417 0.426563 0.397917 0.428125 0.395833 0.428125 0.385417 0.429688 0.383333 0.429688 0.368750 0.431250 0.366667 0.431250 0.356250 0.432812 0.354167 0.432812 0.339583 0.434375 0.337500 0.434375 0.322917 0.435937 0.320833 0.435937 0.312500 0.437500 0.310417 0.437500 0.295833 0.439063 0.293750 0.439063 0.281250 0.440625 0.279167 0.440625 0.264583 0.442188 0.262500 0.442188 0.250000 0.443750 0.247917 0.443750 0.235417 0.445312 0.233333 0.445312 0.218750 0.446875 0.216667 0.446875 0.204167 0.448437 0.202083 0.448437 0.189583 0.450000 0.187500 0.450000 0.172917 0.451562 0.170833 0.451562 0.160417 0.453125 0.158333 0.453125 0.141667 0.454688 0.139583 0.454688 0.127083 0.456250 0.125000 0.456250 0.116667 0.454688 0.114583 0.454688 0.112500 0.453125 0.110417 0.450000 0.110417 0.448437 0.108333 0.435937 0.108333 0.434375 0.106250 0.425000 0.106250 0.423438 0.104167 0.410938 0.104167 0.409375 0.102083 0.400000 0.102083 0.398438 0.100000 0.385937 0.100000 0.384375 0.097917 0.373437 0.097917 0.371875 0.095833 0.360938 0.095833 0.359375 0.093750 0.350000 0.093750 0.348438 0.091667 0.334375 0.091667 0.332813 0.089583 0.321875 0.089583 0.320312 0.087500 0.307812 0.087500 0.306250 0.085417 0.296875 0.085417 0.295312 0.083333 0.284375 0.083333 0.282813 0.081250 0.271875 0.081250 0.270313 0.079167 0.259375 0.079167 0.257812 0.077083 0.243750 0.077083 0.242188 0.075000