0 0.000000 0.814583 0.000000 0.997917 0.312500 0.997917 0.312500 0.995833 0.314063 0.993750 0.315625 0.993750 0.317188 0.991667 0.321875 0.991667 0.321875 0.989583 0.323437 0.987500 0.326562 0.987500 0.329688 0.983333 0.335938 0.983333 0.337500 0.981250 0.343750 0.981250 0.345313 0.979167 0.346875 0.979167 0.348438 0.977083 0.353125 0.977083 0.354687 0.975000 0.356250 0.975000 0.357812 0.972917 0.359375 0.972917 0.360938 0.970833 0.370312 0.970833 0.371875 0.968750 0.379688 0.968750 0.381250 0.966667 0.387500 0.966667 0.389062 0.964583 0.395313 0.964583 0.396875 0.962500 0.400000 0.962500 0.403125 0.958333 0.410938 0.958333 0.412500 0.956250 0.417187 0.956250 0.418750 0.958333 0.423438 0.958333 0.425000 0.960417 0.431250 0.960417 0.432812 0.962500 0.437500 0.962500 0.439063 0.964583 0.448437 0.964583 0.450000 0.966667 0.454688 0.966667 0.456250 0.964583 0.459375 0.964583 0.460938 0.962500 0.464062 0.962500 0.465625 0.960417 0.467187 0.960417 0.470313 0.956250 0.471875 0.956250 0.475000 0.952083 0.476562 0.952083 0.478125 0.950000 0.479687 0.950000 0.481250 0.947917 0.481250 0.945833 0.482812 0.943750 0.482812 0.941667 0.484375 0.939583 0.484375 0.935417 0.482812 0.933333 0.478125 0.933333 0.476562 0.931250 0.473438 0.931250 0.468750 0.925000 0.468750 0.918750 0.467187 0.916667 0.467187 0.904167 0.468750 0.902083 0.468750 0.897917 0.471875 0.893750 0.471875 0.891667 0.473438 0.889583 0.475000 0.889583 0.478125 0.885417 0.478125 0.883333 0.481250 0.879167 0.481250 0.877083 0.482812 0.875000 0.482812 0.864583 0.481250 0.862500 0.475000 0.862500 0.473438 0.864583 0.471875 0.864583 0.468750 0.868750 0.468750 0.870833 0.465625 0.875000 0.464062 0.875000 0.459375 0.881250 0.459375 0.883333 0.457813 0.885417 0.456250 0.885417 0.453125 0.889583 0.450000 0.889583 0.448437 0.891667 0.445312 0.891667 0.443750 0.893750 0.440625 0.893750 0.439063 0.895833 0.437500 0.895833 0.434375 0.900000 0.431250 0.900000 0.429688 0.902083 0.428125 0.902083 0.426563 0.904167 0.423438 0.904167 0.421875 0.906250 0.415625 0.906250 0.414062 0.908333 0.410938 0.908333 0.409375 0.910417 0.400000 0.910417 0.398438 0.912500 0.396875 0.910417 0.395313 0.912500 0.390625 0.912500 0.389062 0.910417 0.385937 0.910417 0.384375 0.912500 0.382812 0.910417 0.329688 0.910417 0.328125 0.908333 0.310937 0.908333 0.309375 0.910417 0.295312 0.910417 0.293750 0.912500 0.287500 0.912500 0.285938 0.914583 0.279687 0.914583 0.278125 0.916667 0.273438 0.916667 0.271875 0.918750 0.265625 0.918750 0.264062 0.920833 0.259375 0.920833 0.257812 0.922917 0.251563 0.922917 0.250000 0.925000 0.246875 0.925000 0.245312 0.927083 0.242188 0.927083 0.240625 0.929167 0.235937 0.929167 0.234375 0.931250 0.231250 0.931250 0.229687 0.933333 0.226562 0.933333 0.225000 0.935417 0.221875 0.935417 0.220312 0.937500 0.217188 0.937500 0.215625 0.939583 0.212500 0.939583 0.210938 0.941667 0.209375 0.941667 0.207813 0.943750 0.206250 0.943750 0.204687 0.945833 0.201563 0.945833 0.200000 0.947917 0.198437 0.947917 0.196875 0.950000 0.193750 0.950000 0.192188 0.952083 0.187500 0.952083 0.185938 0.954167 0.182812 0.954167 0.181250 0.956250 0.178125 0.956250 0.176563 0.958333 0.165625 0.958333 0.164062 0.956250 0.150000 0.956250 0.148438 0.954167 0.146875 0.954167 0.145313 0.952083 0.142187 0.952083 0.140625 0.950000 0.139063 0.950000 0.137500 0.947917 0.135937 0.947917 0.134375 0.945833 0.131250 0.945833 0.129688 0.943750 0.114062 0.943750 0.112500 0.945833 0.110937 0.945833 0.107813 0.950000 0.107813 0.952083 0.106250 0.954167 0.104688 0.954167 0.103125 0.956250 0.103125 0.958333 0.101562 0.960417 0.100000 0.960417 0.100000 0.962500 0.098437 0.964583 0.096875 0.964583 0.093750 0.968750 0.093750 0.970833 0.082812 0.985417 0.081250 0.985417 0.079687 0.987500 0.073438 0.979167 0.073438 0.975000 0.071875 0.972917 0.071875 0.970833 0.070312 0.968750 0.070312 0.966667 0.068750 0.964583 0.068750 0.962500 0.067187 0.960417 0.067187 0.956250 0.065625 0.954167 0.065625 0.952083 0.060937 0.945833 0.060937 0.941667 0.059375 0.939583 0.059375 0.935417 0.054688 0.929167 0.054688 0.927083 0.053125 0.925000 0.053125 0.920833 0.050000 0.916667 0.050000 0.914583 0.048438 0.912500 0.048438 0.910417 0.045312 0.906250 0.045312 0.904167 0.043750 0.902083 0.043750 0.900000 0.042188 0.897917 0.042188 0.895833 0.039062 0.891667 0.039062 0.889583 0.037500 0.887500 0.037500 0.885417 0.035937 0.883333 0.035937 0.881250 0.034375 0.879167 0.034375 0.877083 0.028125 0.868750 0.028125 0.864583 0.026562 0.862500 0.026562 0.860417 0.021875 0.854167 0.021875 0.852083 0.020313 0.850000 0.020313 0.847917 0.014063 0.839583 0.014063 0.837500 0.012500 0.835417 0.012500 0.833333 0.007812 0.827083 0.007812 0.825000 0.004687 0.820833 0.004687 0.818750 0.001563 0.814583
0 0.143750 0.454167 0.142187 0.456250 0.129688 0.456250 0.128125 0.458333 0.115625 0.458333 0.114062 0.460417 0.104688 0.460417 0.103125 0.462500 0.092188 0.462500 0.090625 0.464583 0.082812 0.464583 0.081250 0.466667 0.075000 0.466667 0.073438 0.468750 0.070312 0.468750 0.068750 0.470833 0.065625 0.470833 0.064062 0.472917 0.062500 0.472917 0.060937 0.475000 0.057813 0.475000 0.056250 0.477083 0.053125 0.477083 0.051562 0.479167 0.046875 0.479167 0.045312 0.481250 0.039062 0.481250 0.037500 0.483333 0.014063 0.483333 0.012500 0.485417 0.003125 0.485417 0.001563 0.483333 0.000000 0.483333 0.000000 0.556250 0.001563 0.556250 0.003125 0.558333 0.012500 0.558333 0.014063 0.560417 0.017188 0.560417 0.018750 0.562500 0.029687 0.562500 0.031250 0.564583 0.042188 0.564583 0.043750 0.566667 0.050000 0.566667 0.051562 0.568750 0.056250 0.568750 0.057813 0.570833 0.062500 0.570833 0.064062 0.572917 0.068750 0.572917 0.070312 0.575000 0.075000 0.575000 0.076563 0.577083 0.081250 0.577083 0.082812 0.579167 0.090625 0.579167 0.092188 0.581250 0.101562 0.581250 0.103125 0.583333 0.137500 0.583333 0.139063 0.581250 0.173437 0.581250 0.175000 0.579167 0.178125 0.579167 0.178125 0.568750 0.175000 0.564583 0.175000 0.558333 0.176563 0.556250 0.178125 0.556250 0.179688 0.554167 0.184375 0.554167 0.187500 0.550000 0.192188 0.550000 0.193750 0.552083 0.196875 0.552083 0.198437 0.554167 0.200000 0.554167 0.201563 0.552083 0.203125 0.552083 0.203125 0.539583 0.201563 0.537500 0.201563 0.535417 0.200000 0.533333 0.200000 0.531250 0.198437 0.529167 0.198437 0.522917 0.196875 0.520833 0.196875 0.510417 0.195312 0.508333 0.195312 0.504167 0.193750 0.502083 0.193750 0.500000 0.187500 0.491667 0.187500 0.489583 0.182812 0.483333 0.182812 0.481250 0.181250 0.479167 0.179688 0.479167 0.178125 0.477083 0.176563 0.477083 0.175000 0.475000 0.173437 0.475000 0.171875 0.472917 0.170313 0.472917 0.168750 0.470833 0.165625 0.470833 0.164062 0.468750 0.162500 0.468750 0.160938 0.466667 0.160938 0.464583 0.159375 0.462500 0.159375 0.460417 0.156250 0.456250 0.154688 0.456250 0.153125 0.454167
2 0.201563 0.916667 0.200000 0.918750 0.187500 0.918750 0.185938 0.920833 0.179688 0.920833 0.178125 0.922917 0.178125 0.931250 0.176563 0.933333 0.176563 0.952083 0.175000 0.954167 0.173437 0.954167 0.181250 0.954167 0.182812 0.952083 0.187500 0.952083 0.189062 0.950000 0.193750 0.950000 0.195312 0.947917 0.196875 0.947917 0.198437 0.945833 0.201563 0.945833 0.203125 0.943750 0.204687 0.943750 0.206250 0.941667 0.207813 0.941667 0.209375 0.939583 0.210938 0.939583 0.212500 0.937500 0.214062 0.937500 0.215625 0.935417 0.215625 0.918750 0.214062 0.918750 0.212500 0.916667
2 0.417187 0.847917 0.415625 0.850000 0.414062 0.850000 0.414062 0.852083 0.412500 0.854167 0.410938 0.854167 0.409375 0.852083 0.406250 0.852083 0.406250 0.854167 0.404687 0.856250 0.403125 0.856250 0.401562 0.858333 0.396875 0.858333 0.393750 0.862500 0.393750 0.866667 0.392188 0.868750 0.392188 0.872917 0.390625 0.875000 0.390625 0.897917 0.392188 0.900000 0.392188 0.904167 0.393750 0.904167 0.395313 0.906250 0.406250 0.906250 0.407813 0.904167 0.414062 0.904167 0.415625 0.902083 0.420312 0.902083 0.421875 0.900000 0.426563 0.900000 0.428125 0.897917 0.429688 0.897917 0.431250 0.895833 0.434375 0.895833 0.435937 0.893750 0.437500 0.893750 0.439063 0.891667 0.442188 0.891667 0.443750 0.889583 0.445312 0.889583 0.446875 0.887500 0.450000 0.887500 0.451562 0.885417 0.453125 0.885417 0.454688 0.883333 0.456250 0.883333 0.462500 0.875000 0.462500 0.872917 0.470313 0.862500 0.471875 0.862500 0.473438 0.860417 0.475000 0.860417 0.470313 0.860417 0.465625 0.854167 0.465625 0.852083 0.459375 0.852083 0.457813 0.854167 0.456250 0.852083 0.454688 0.852083 0.453125 0.850000 0.451562 0.850000 0.450000 0.847917 0.448437 0.847917 0.446875 0.850000 0.428125 0.850000 0.428125 0.852083 0.426563 0.854167 0.425000 0.852083 0.423438 0.852083 0.421875 0.850000 0.420312 0.850000 0.418750 0.847917
2 0.610938 0.843750 0.609375 0.845833 0.596875 0.845833 0.595313 0.847917 0.556250 0.847917 0.554688 0.850000 0.521875 0.850000 0.520312 0.852083 0.515625 0.852083 0.514062 0.850000 0.510938 0.850000 0.509375 0.852083 0.498437 0.852083 0.496875 0.854167 0.492188 0.854167 0.490625 0.856250 0.489063 0.856250 0.487500 0.858333 0.484375 0.858333 0.482812 0.860417 0.485938 0.864583 0.485938 0.872917 0.482812 0.877083 0.482812 0.879167 0.481250 0.881250 0.481250 0.883333 0.478125 0.887500 0.478125 0.889583 0.475000 0.893750 0.475000 0.895833 0.473438 0.897917 0.473438 0.904167 0.481250 0.904167 0.482812 0.902083 0.484375 0.902083 0.485938 0.900000 0.510938 0.900000 0.512500 0.897917 0.523438 0.897917 0.525000 0.895833 0.542188 0.895833 0.543750 0.893750 0.560937 0.893750 0.562500 0.891667 0.581250 0.891667 0.582812 0.889583 0.592187 0.889583 0.593750 0.891667 0.601562 0.891667 0.603125 0.889583 0.610938 0.889583 0.612500 0.887500 0.626563 0.887500 0.628125 0.885417 0.642188 0.885417 0.643750 0.883333 0.651563 0.883333 0.654687 0.879167 0.654687 0.872917 0.653125 0.870833 0.653125 0.866667 0.651563 0.864583 0.651563 0.862500 0.650000 0.860417 0.650000 0.856250 0.648438 0.854167 0.648438 0.852083 0.645312 0.847917 0.645312 0.845833 0.643750 0.845833 0.642188 0.843750
2 0.525000 0.131250 0.498437 0.166667 0.498437 0.168750 0.495312 0.172917 0.495312 0.175000 0.493750 0.177083 0.493750 0.185417 0.495312 0.187500 0.495312 0.191667 0.496875 0.193750 0.496875 0.195833 0.500000 0.200000 0.500000 0.202083 0.501563 0.204167 0.503125 0.204167 0.510938 0.214583 0.512500 0.214583 0.514062 0.216667 0.515625 0.216667 0.517188 0.218750 0.518750 0.218750 0.532813 0.237500 0.534375 0.237500 0.550000 0.258333 0.550000 0.260417 0.551562 0.260417 0.553125 0.262500 0.553125 0.264583 0.587500 0.310417 0.589063 0.310417 0.593750 0.316667 0.595313 0.316667 0.596875 0.318750 0.598437 0.318750 0.615625 0.341667 0.617188 0.341667 0.626563 0.354167 0.628125 0.354167 0.631250 0.358333 0.632812 0.358333 0.640625 0.368750 0.640625 0.370833 0.642188 0.372917 0.643750 0.372917 0.646875 0.377083 0.646875 0.379167 0.650000 0.383333 0.650000 0.385417 0.651563 0.387500 0.653125 0.387500 0.656250 0.391667 0.656250 0.393750 0.673438 0.416667 0.673438 0.418750 0.675000 0.420833 0.676562 0.420833 0.679688 0.425000 0.679688 0.427083 0.682813 0.431250 0.684375 0.431250 0.689063 0.437500 0.690625 0.437500 0.701562 0.452083 0.703125 0.452083 0.714063 0.466667 0.715625 0.466667 0.723437 0.477083 0.725000 0.477083 0.728125 0.481250 0.729688 0.481250 0.731250 0.483333 0.734375 0.483333 0.735938 0.481250 0.739062 0.481250 0.740625 0.479167 0.743750 0.479167 0.745313 0.477083 0.746875 0.477083 0.754687 0.466667 0.756250 0.466667 0.757812 0.464583 0.757812 0.460417 0.759375 0.458333 0.759375 0.454167 0.760938 0.452083 0.759375 0.450000 0.759375 0.445833 0.757812 0.443750 0.757812 0.441667 0.756250 0.439583 0.756250 0.437500 0.754687 0.435417 0.754687 0.433333 0.748437 0.425000 0.748437 0.422917 0.746875 0.422917 0.737500 0.410417 0.735938 0.410417 0.734375 0.408333 0.734375 0.406250 0.732812 0.404167 0.731250 0.404167 0.725000 0.395833 0.725000 0.393750 0.723437 0.393750 0.715625 0.383333 0.715625 0.381250 0.710938 0.375000 0.710938 0.372917 0.701562 0.360417 0.701562 0.358333 0.693750 0.347917 0.692187 0.347917 0.687500 0.341667 0.685937 0.341667 0.681250 0.335417 0.679688 0.335417 0.673438 0.327083 0.671875 0.327083 0.659375 0.310417 0.657813 0.310417 0.653125 0.304167 0.653125 0.302083 0.645312 0.291667 0.645312 0.289583 0.639062 0.281250 0.637500 0.281250 0.628125 0.268750 0.626563 0.268750 0.625000 0.266667 0.625000 0.264583 0.612500 0.247917 0.610938 0.247917 0.609375 0.245833 0.609375 0.243750 0.596875 0.227083 0.595313 0.227083 0.592187 0.222917 0.592187 0.220833 0.590625 0.218750 0.589063 0.218750 0.581250 0.208333 0.581250 0.206250 0.565625 0.185417 0.564063 0.185417 0.560937 0.181250 0.560937 0.179167 0.554688 0.170833 0.553125 0.170833 0.545312 0.160417 0.545312 0.158333 0.543750 0.156250 0.542188 0.156250 0.537500 0.150000 0.537500 0.147917 0.535937 0.145833 0.535937 0.143750 0.534375 0.141667 0.534375 0.139583 0.528125 0.131250
2 0.687500 0.033333 0.685937 0.035417 0.682813 0.035417 0.681250 0.037500 0.676562 0.037500 0.675000 0.039583 0.670312 0.039583 0.667188 0.043750 0.665625 0.043750 0.668750 0.047917 0.667188 0.050000 0.665625 0.050000 0.660937 0.056250 0.660937 0.058333 0.657813 0.062500 0.657813 0.068750 0.656250 0.070833 0.656250 0.089583 0.657813 0.091667 0.657813 0.095833 0.660937 0.100000 0.660937 0.102083 0.662500 0.104167 0.662500 0.106250 0.665625 0.110417 0.665625 0.112500 0.668750 0.116667 0.668750 0.118750 0.673438 0.125000 0.673438 0.127083 0.676562 0.131250 0.676562 0.133333 0.679688 0.137500 0.679688 0.139583 0.682813 0.143750 0.682813 0.145833 0.687500 0.152083 0.687500 0.156250 0.689063 0.158333 0.689063 0.160417 0.693750 0.166667 0.693750 0.168750 0.695312 0.170833 0.695312 0.172917 0.700000 0.179167 0.700000 0.181250 0.704688 0.187500 0.704688 0.189583 0.706250 0.191667 0.706250 0.193750 0.710938 0.200000 0.710938 0.202083 0.712500 0.204167 0.712500 0.206250 0.715625 0.210417 0.715625 0.212500 0.720313 0.218750 0.720313 0.220833 0.725000 0.227083 0.725000 0.229167 0.728125 0.233333 0.728125 0.235417 0.731250 0.239583 0.731250 0.241667 0.735938 0.247917 0.735938 0.250000 0.740625 0.256250 0.740625 0.258333 0.743750 0.262500 0.743750 0.264583 0.748437 0.270833 0.748437 0.272917 0.751563 0.277083 0.751563 0.281250 0.759375 0.291667 0.759375 0.293750 0.760938 0.293750 0.762500 0.295833 0.762500 0.297917 0.764062 0.300000 0.767188 0.300000 0.768750 0.302083 0.770312 0.302083 0.771875 0.304167 0.782813 0.304167 0.784375 0.302083 0.787500 0.302083 0.790625 0.297917 0.792188 0.297917 0.789062 0.293750 0.790625 0.291667 0.792188 0.291667 0.798438 0.283333 0.800000 0.283333 0.800000 0.281250 0.801562 0.279167 0.803125 0.279167 0.804688 0.277083 0.803125 0.277083 0.801562 0.275000 0.801562 0.266667 0.800000 0.264583 0.800000 0.260417 0.798438 0.258333 0.798438 0.256250 0.796875 0.254167 0.796875 0.252083 0.793750 0.247917 0.793750 0.245833 0.792188 0.243750 0.792188 0.241667 0.790625 0.239583 0.790625 0.237500 0.787500 0.233333 0.787500 0.231250 0.785937 0.229167 0.785937 0.227083 0.782813 0.222917 0.782813 0.220833 0.781250 0.218750 0.781250 0.216667 0.778125 0.212500 0.778125 0.208333 0.775000 0.204167 0.775000 0.200000 0.771875 0.195833 0.771875 0.193750 0.768750 0.189583 0.768750 0.187500 0.764062 0.181250 0.764062 0.179167 0.759375 0.172917 0.759375 0.170833 0.750000 0.158333 0.750000 0.152083 0.748437 0.150000 0.748437 0.147917 0.745313 0.143750 0.745313 0.141667 0.743750 0.139583 0.743750 0.137500 0.742188 0.135417 0.742188 0.133333 0.735938 0.125000 0.735938 0.122917 0.732812 0.118750 0.732812 0.116667 0.731250 0.114583 0.731250 0.110417 0.729688 0.110417 0.728125 0.108333 0.728125 0.106250 0.725000 0.102083 0.725000 0.100000 0.720313 0.093750 0.720313 0.091667 0.718750 0.089583 0.718750 0.087500 0.715625 0.083333 0.715625 0.081250 0.712500 0.077083 0.712500 0.075000 0.709375 0.070833 0.709375 0.068750 0.704688 0.062500 0.704688 0.060417 0.703125 0.058333 0.703125 0.056250 0.700000 0.052083 0.700000 0.050000 0.698438 0.047917 0.698438 0.043750 0.692187 0.035417 0.690625 0.035417 0.689063 0.033333
3 0.470313 0.308333 0.468750 0.310417 0.465625 0.310417 0.465625 0.312500 0.462500 0.316667 0.462500 0.333333 0.464062 0.335417 0.464062 0.343750 0.465625 0.345833 0.465625 0.350000 0.468750 0.354167 0.468750 0.356250 0.470313 0.356250 0.481250 0.370833 0.482812 0.370833 0.489063 0.379167 0.490625 0.379167 0.496875 0.387500 0.498437 0.387500 0.501563 0.391667 0.503125 0.391667 0.504687 0.393750 0.506250 0.393750 0.510938 0.400000 0.512500 0.400000 0.514062 0.402083 0.514062 0.404167 0.515625 0.404167 0.517188 0.406250 0.518750 0.406250 0.521875 0.410417 0.521875 0.412500 0.525000 0.416667 0.526563 0.416667 0.529687 0.420833 0.531250 0.420833 0.532813 0.422917 0.534375 0.422917 0.542188 0.433333 0.543750 0.433333 0.553125 0.445833 0.554688 0.445833 0.557813 0.450000 0.559375 0.450000 0.560937 0.452083 0.560937 0.454167 0.567187 0.462500 0.568750 0.462500 0.579688 0.477083 0.581250 0.477083 0.582812 0.479167 0.587500 0.479167 0.590625 0.475000 0.590625 0.468750 0.564063 0.433333 0.562500 0.433333 0.560937 0.431250 0.560937 0.429167 0.557813 0.425000 0.556250 0.425000 0.548438 0.414583 0.548438 0.412500 0.545312 0.408333 0.545312 0.404167 0.543750 0.402083 0.543750 0.400000 0.542188 0.397917 0.542188 0.395833 0.540625 0.393750 0.540625 0.391667 0.539062 0.389583 0.539062 0.387500 0.521875 0.364583 0.521875 0.362500 0.520312 0.362500 0.518750 0.360417 0.518750 0.358333 0.498437 0.331250 0.496875 0.331250 0.490625 0.322917 0.489063 0.322917 0.484375 0.316667 0.482812 0.316667 0.479687 0.312500 0.478125 0.312500 0.476562 0.310417 0.475000 0.310417 0.473438 0.308333
4 0.403125 0.958333 0.401562 0.960417 0.400000 0.960417 0.398438 0.962500 0.396875 0.962500 0.395313 0.964583 0.393750 0.964583 0.392188 0.966667 0.390625 0.966667 0.389062 0.968750 0.384375 0.968750 0.382812 0.970833 0.381250 0.970833 0.379688 0.972917 0.378125 0.972917 0.376563 0.975000 0.376563 0.977083 0.375000 0.979167 0.375000 0.997917 0.403125 0.997917 0.403125 0.995833 0.401562 0.993750 0.401562 0.991667 0.398438 0.987500 0.398438 0.979167 0.403125 0.972917 0.403125 0.970833 0.404687 0.968750 0.406250 0.968750 0.407813 0.966667 0.412500 0.966667 0.414062 0.964583 0.420312 0.964583 0.421875 0.962500 0.418750 0.958333 0.409375 0.958333 0.407813 0.960417 0.406250 0.960417 0.404687 0.958333
4 0.546875 0.956250 0.545312 0.958333 0.484375 0.958333 0.482812 0.960417 0.476562 0.960417 0.475000 0.962500 0.470313 0.962500 0.467187 0.966667 0.468750 0.968750 0.471875 0.968750 0.473438 0.970833 0.473438 0.972917 0.475000 0.975000 0.475000 0.977083 0.470313 0.983333 0.465625 0.983333 0.464062 0.985417 0.454688 0.985417 0.453125 0.987500 0.450000 0.987500 0.448437 0.989583 0.445312 0.989583 0.443750 0.991667 0.439063 0.991667 0.437500 0.993750 0.435937 0.993750 0.432812 0.997917 0.431250 0.997917 0.475000 0.997917 0.476562 0.995833 0.481250 0.995833 0.482812 0.993750 0.489063 0.993750 0.490625 0.991667 0.496875 0.991667 0.498437 0.989583 0.503125 0.989583 0.504687 0.987500 0.509375 0.987500 0.510938 0.985417 0.514062 0.985417 0.515625 0.983333 0.521875 0.983333 0.523438 0.981250 0.528125 0.981250 0.529687 0.979167 0.537500 0.979167 0.539062 0.977083 0.551562 0.977083 0.553125 0.979167 0.554688 0.979167 0.556250 0.981250 0.559375 0.981250 0.562500 0.985417 0.562500 0.987500 0.565625 0.991667 0.568750 0.991667 0.570312 0.993750 0.575000 0.993750 0.576562 0.991667 0.578125 0.991667 0.582812 0.985417 0.582812 0.983333 0.584375 0.981250 0.584375 0.977083 0.582812 0.975000 0.582812 0.972917 0.579688 0.968750 0.578125 0.968750 0.576562 0.966667 0.571875 0.966667 0.570312 0.964583 0.567187 0.964583 0.565625 0.962500 0.564063 0.962500 0.560937 0.958333 0.557813 0.958333 0.556250 0.956250
1 0.160938 0.064583 0.160938 0.066667 0.159375 0.068750 0.159375 0.114583 0.160938 0.116667 0.160938 0.172917 0.162500 0.175000 0.162500 0.233333 0.164062 0.235417 0.164062 0.283333 0.165625 0.285417 0.165625 0.352083 0.167187 0.354167 0.167187 0.358333 0.165625 0.360417 0.167187 0.362500 0.167187 0.397917 0.168750 0.400000 0.168750 0.456250 0.170313 0.458333 0.170313 0.464583 0.171875 0.466667 0.173437 0.466667 0.175000 0.468750 0.176563 0.468750 0.178125 0.470833 0.179688 0.470833 0.181250 0.472917 0.182812 0.472917 0.187500 0.479167 0.187500 0.481250 0.192188 0.487500 0.192188 0.489583 0.198437 0.497917 0.198437 0.500000 0.200000 0.502083 0.200000 0.506250 0.201563 0.508333 0.201563 0.514583 0.203125 0.516667 0.203125 0.527083 0.204687 0.529167 0.204687 0.533333 0.206250 0.535417 0.206250 0.537500 0.209375 0.541667 0.209375 0.545833 0.210938 0.547917 0.210938 0.550000 0.209375 0.552083 0.209375 0.554167 0.207813 0.556250 0.207813 0.558333 0.204687 0.562500 0.193750 0.562500 0.192188 0.560417 0.189062 0.560417 0.187500 0.562500 0.185938 0.562500 0.184375 0.564583 0.185938 0.566667 0.185938 0.568750 0.187500 0.570833 0.187500 0.575000 0.185938 0.577083 0.182812 0.577083 0.181250 0.579167 0.178125 0.579167 0.175000 0.583333 0.175000 0.585417 0.173437 0.587500 0.173437 0.589583 0.168750 0.595833 0.168750 0.597917 0.167187 0.600000 0.167187 0.602083 0.165625 0.604167 0.165625 0.612500 0.164062 0.614583 0.164062 0.625000 0.165625 0.627083 0.167187 0.627083 0.170313 0.631250 0.170313 0.633333 0.173437 0.637500 0.173437 0.662500 0.175000 0.664583 0.175000 0.745833 0.176563 0.747917 0.176563 0.810417 0.178125 0.812500 0.178125 0.854167 0.179688 0.856250 0.179688 0.879167 0.181250 0.881250 0.181250 0.912500 0.182812 0.914583 0.182812 0.916667 0.184375 0.918750 0.185938 0.918750 0.187500 0.916667 0.215625 0.916667 0.217188 0.918750 0.217188 0.927083 0.218750 0.929167 0.218750 0.931250 0.223438 0.931250 0.225000 0.929167 0.231250 0.929167 0.232813 0.927083 0.235937 0.927083 0.237500 0.925000 0.242188 0.925000 0.243750 0.922917 0.246875 0.922917 0.248438 0.920833 0.253125 0.920833 0.254688 0.918750 0.259375 0.918750 0.260937 0.916667 0.267188 0.916667 0.268750 0.914583 0.273438 0.914583 0.275000 0.912500 0.281250 0.912500 0.282813 0.910417 0.290625 0.910417 0.292187 0.908333 0.300000 0.908333 0.301563 0.906250 0.370312 0.906250 0.371875 0.904167 0.371875 0.902083 0.373437 0.900000 0.373437 0.893750 0.375000 0.891667 0.375000 0.868750 0.376563 0.866667 0.376563 0.860417 0.378125 0.858333 0.378125 0.845833 0.379688 0.843750 0.379688 0.835417 0.381250 0.833333 0.381250 0.822917 0.382812 0.820833 0.382812 0.806250 0.384375 0.804167 0.384375 0.793750 0.385937 0.791667 0.385937 0.779167 0.387500 0.777083 0.387500 0.764583 0.389062 0.762500 0.389062 0.752083 0.390625 0.750000 0.390625 0.735417 0.392188 0.733333 0.392188 0.720833 0.393750 0.718750 0.393750 0.706250 0.395313 0.704167 0.395313 0.691667 0.396875 0.689583 0.396875 0.679167 0.398438 0.677083 0.398438 0.662500 0.400000 0.660417 0.400000 0.650000 0.401562 0.647917 0.401562 0.635417 0.403125 0.633333 0.403125 0.618750 0.404687 0.616667 0.404687 0.604167 0.406250 0.602083 0.406250 0.591667 0.407813 0.589583 0.407813 0.577083 0.409375 0.575000 0.409375 0.560417 0.410938 0.558333 0.410938 0.545833 0.412500 0.543750 0.412500 0.533333 0.414062 0.531250 0.414062 0.516667 0.415625 0.514583 0.415625 0.504167 0.417187 0.502083 0.417187 0.489583 0.418750 0.487500 0.418750 0.472917 0.420312 0.470833 0.420312 0.460417 0.421875 0.458333 0.421875 0.443750 0.423438 0.441667 0.423438 0.429167 0.425000 0.427083 0.425000 0.412500 0.426563 0.410417 0.426563 0.400000 0.428125 0.397917 0.428125 0.385417 0.429688 0.383333 0.429688 0.366667 0.431250 0.364583 0.431250 0.356250 0.432812 0.354167 0.432812 0.341667 0.434375 0.339583 0.434375 0.325000 0.435937 0.322917 0.435937 0.312500 0.437500 0.310417 0.437500 0.293750 0.439063 0.291667 0.439063 0.281250 0.440625 0.279167 0.440625 0.264583 0.442188 0.262500 0.442188 0.250000 0.443750 0.247917 0.443750 0.237500 0.445312 0.235417 0.445312 0.220833 0.446875 0.218750 0.446875 0.206250 0.448437 0.204167 0.448437 0.191667 0.450000 0.189583 0.450000 0.175000 0.451562 0.172917 0.451562 0.162500 0.453125 0.160417 0.453125 0.143750 0.454688 0.141667 0.454688 0.125000 0.456250 0.122917 0.456250 0.116667 0.454688 0.114583 0.454688 0.110417 0.451562 0.110417 0.450000 0.108333 0.437500 0.108333 0.435937 0.106250 0.425000 0.106250 0.423438 0.104167 0.410938 0.104167 0.409375 0.102083 0.400000 0.102083 0.398438 0.100000 0.387500 0.100000 0.385937 0.097917 0.375000 0.097917 0.373437 0.095833 0.362500 0.095833 0.360938 0.093750 0.350000 0.093750 0.348438 0.091667 0.335938 0.091667 0.334375 0.089583 0.325000 0.089583 0.323437 0.087500 0.310937 0.087500 0.309375 0.085417 0.298438 0.085417 0.296875 0.083333 0.287500 0.083333 0.285938 0.081250 0.273438 0.081250 0.271875 0.079167 0.260937 0.079167 0.259375 0.077083 0.243750 0.077083 0.242188 0.075000 0.232813 0.075000 0.231250 0.072917 0.215625 0.072917 0.214062 0.070833 0.204687 0.070833 0.203125 0.068750 0.190625 0.068750 0.189062 0.066667 0.178125 0.066667 0.176563 0.064583