0 0.331250 0.708333 0.329688 0.710417 0.328125 0.710417 0.321875 0.718750 0.320312 0.718750 0.317188 0.722917 0.315625 0.722917 0.315625 0.725000 0.314063 0.727083 0.314063 0.731250 0.320312 0.731250 0.321875 0.733333 0.325000 0.733333 0.326562 0.735417 0.328125 0.735417 0.329688 0.737500 0.331250 0.737500 0.331250 0.735417 0.332813 0.733333 0.334375 0.735417 0.334375 0.743750 0.335938 0.745833 0.339062 0.745833 0.340625 0.747917 0.342187 0.747917 0.345313 0.752083 0.346875 0.752083 0.348438 0.754167 0.350000 0.754167 0.351562 0.756250 0.356250 0.756250 0.359375 0.760417 0.359375 0.762500 0.360938 0.764583 0.365625 0.764583 0.367188 0.766667 0.370312 0.766667 0.373437 0.770833 0.376563 0.770833 0.378125 0.772917 0.382812 0.772917 0.384375 0.775000 0.385937 0.775000 0.389062 0.770833 0.389062 0.768750 0.387500 0.766667 0.387500 0.762500 0.382812 0.756250 0.382812 0.754167 0.381250 0.752083 0.381250 0.750000 0.379688 0.747917 0.376563 0.747917 0.375000 0.745833 0.368750 0.745833 0.367188 0.747917 0.364063 0.747917 0.359375 0.741667 0.359375 0.739583 0.357812 0.737500 0.357812 0.735417 0.356250 0.733333 0.354687 0.733333 0.353125 0.731250 0.348438 0.731250 0.346875 0.729167 0.346875 0.718750 0.345313 0.716667 0.343750 0.716667 0.339062 0.710417 0.335938 0.710417 0.334375 0.708333
0 0.000000 0.597917 0.000000 0.683333 0.004687 0.683333 0.006250 0.685417 0.012500 0.685417 0.014063 0.687500 0.017188 0.687500 0.018750 0.689583 0.021875 0.689583 0.023438 0.691667 0.028125 0.691667 0.029687 0.693750 0.032813 0.693750 0.034375 0.695833 0.039062 0.695833 0.040625 0.697917 0.043750 0.697917 0.045312 0.700000 0.048438 0.700000 0.050000 0.702083 0.054688 0.702083 0.056250 0.704167 0.065625 0.704167 0.070312 0.710417 0.071875 0.710417 0.073438 0.712500 0.076563 0.712500 0.078125 0.714583 0.079687 0.714583 0.081250 0.716667 0.089063 0.716667 0.090625 0.718750 0.092188 0.718750 0.093750 0.720833 0.095312 0.720833 0.096875 0.722917 0.098437 0.722917 0.100000 0.725000 0.103125 0.725000 0.104688 0.727083 0.107813 0.727083 0.109375 0.729167 0.114062 0.729167 0.115625 0.731250 0.117188 0.731250 0.118750 0.733333 0.120313 0.733333 0.121875 0.735417 0.123438 0.735417 0.125000 0.737500 0.128125 0.737500 0.131250 0.741667 0.134375 0.741667 0.135937 0.743750 0.137500 0.743750 0.139063 0.745833 0.140625 0.745833 0.142187 0.747917 0.145313 0.747917 0.146875 0.750000 0.148438 0.750000 0.150000 0.752083 0.153125 0.752083 0.154688 0.754167 0.156250 0.754167 0.157812 0.756250 0.160938 0.756250 0.162500 0.758333 0.165625 0.758333 0.167187 0.760417 0.170313 0.760417 0.171875 0.762500 0.179688 0.762500 0.181250 0.764583 0.195312 0.764583 0.196875 0.766667 0.204687 0.766667 0.206250 0.768750 0.209375 0.768750 0.210938 0.770833 0.215625 0.770833 0.217188 0.772917 0.217188 0.775000 0.218750 0.777083 0.218750 0.781250 0.217188 0.783333 0.212500 0.783333 0.210938 0.785417 0.206250 0.785417 0.204687 0.787500 0.200000 0.787500 0.198437 0.789583 0.192188 0.789583 0.190625 0.791667 0.185938 0.791667 0.184375 0.793750 0.178125 0.793750 0.176563 0.795833 0.171875 0.795833 0.168750 0.800000 0.165625 0.800000 0.164062 0.802083 0.159375 0.802083 0.157812 0.804167 0.154688 0.804167 0.153125 0.806250 0.146875 0.806250 0.145313 0.808333 0.142187 0.808333 0.140625 0.810417 0.135937 0.810417 0.134375 0.812500 0.132812 0.812500 0.131250 0.814583 0.126562 0.814583 0.125000 0.816667 0.123438 0.816667 0.121875 0.818750 0.120313 0.818750 0.118750 0.820833 0.115625 0.820833 0.114062 0.822917 0.110937 0.822917 0.109375 0.825000 0.107813 0.825000 0.106250 0.827083 0.103125 0.827083 0.100000 0.831250 0.096875 0.831250 0.095312 0.833333 0.093750 0.833333 0.092188 0.835417 0.089063 0.835417 0.087500 0.837500 0.085938 0.837500 0.084375 0.839583 0.081250 0.839583 0.079687 0.841667 0.076563 0.841667 0.075000 0.843750 0.073438 0.843750 0.071875 0.845833 0.070312 0.845833 0.068750 0.847917 0.067187 0.847917 0.065625 0.850000 0.064062 0.850000 0.059375 0.856250 0.057813 0.856250 0.056250 0.858333 0.054688 0.858333 0.051562 0.862500 0.048438 0.862500 0.040625 0.872917 0.039062 0.872917 0.039062 0.875000 0.031250 0.885417 0.031250 0.887500 0.025000 0.895833 0.023438 0.895833 0.021875 0.897917 0.020313 0.897917 0.018750 0.900000 0.015625 0.900000 0.012500 0.904167 0.009375 0.904167 0.007812 0.906250 0.006250 0.906250 0.004687 0.908333 0.000000 0.908333 0.000000 0.997917 0.079687 0.997917 0.081250 0.995833 0.081250 0.993750 0.082812 0.991667 0.082812 0.989583 0.084375 0.987500 0.084375 0.983333 0.087500 0.979167 0.087500 0.977083 0.090625 0.972917 0.090625 0.970833 0.096875 0.962500 0.096875 0.960417 0.098437 0.958333 0.098437 0.956250 0.103125 0.950000 0.104688 0.950000 0.104688 0.945833 0.106250 0.943750 0.106250 0.941667 0.109375 0.937500 0.110937 0.937500 0.112500 0.935417 0.115625 0.935417 0.118750 0.931250 0.120313 0.931250 0.123438 0.927083 0.125000 0.927083 0.126562 0.925000 0.128125 0.925000 0.131250 0.920833 0.132812 0.920833 0.134375 0.918750 0.135937 0.918750 0.139063 0.914583 0.140625 0.914583 0.142187 0.912500 0.143750 0.912500 0.145313 0.910417 0.146875 0.910417 0.148438 0.908333 0.150000 0.908333 0.151562 0.906250 0.153125 0.906250 0.156250 0.902083 0.157812 0.902083 0.160938 0.897917 0.164062 0.897917 0.167187 0.893750 0.168750 0.893750 0.171875 0.889583 0.173437 0.889583 0.175000 0.887500 0.176563 0.887500 0.181250 0.881250 0.182812 0.881250 0.187500 0.875000 0.189062 0.875000 0.190625 0.872917 0.193750 0.872917 0.195312 0.870833 0.200000 0.870833 0.203125 0.866667 0.204687 0.866667 0.206250 0.864583 0.209375 0.864583 0.210938 0.862500 0.214062 0.862500 0.215625 0.860417 0.218750 0.860417 0.220312 0.858333 0.223438 0.858333 0.225000 0.856250 0.226562 0.856250 0.228125 0.854167 0.232813 0.854167 0.234375 0.852083 0.237500 0.852083 0.239063 0.850000 0.242188 0.850000 0.243750 0.847917 0.246875 0.847917 0.248438 0.845833 0.251563 0.845833 0.253125 0.843750 0.256250 0.843750 0.257812 0.841667 0.264062 0.841667 0.265625 0.839583 0.271875 0.839583 0.273438 0.837500 0.279687 0.837500 0.281250 0.839583 0.296875 0.839583 0.298438 0.841667 0.312500 0.841667 0.314063 0.843750 0.323437 0.843750 0.325000 0.845833 0.328125 0.845833 0.329688 0.847917 0.337500 0.847917 0.339062 0.850000 0.343750 0.850000 0.345313 0.852083 0.346875 0.850000 0.350000 0.850000 0.351562 0.847917 0.351562 0.843750 0.350000 0.843750 0.348438 0.841667 0.346875 0.841667 0.343750 0.837500 0.342187 0.837500 0.340625 0.835417 0.337500 0.835417 0.334375 0.831250 0.331250 0.831250 0.329688 0.829167 0.328125 0.829167 0.326562 0.827083 0.321875 0.827083 0.318750 0.822917 0.317188 0.822917 0.315625 0.820833 0.314063 0.820833 0.312500 0.818750 0.310937 0.818750 0.307812 0.814583 0.306250 0.814583 0.304688 0.812500 0.303125 0.812500 0.301563 0.810417 0.298438 0.810417 0.293750 0.804167 0.290625 0.804167 0.289062 0.802083 0.287500 0.802083 0.285938 0.800000 0.284375 0.800000 0.282813 0.797917 0.281250 0.797917 0.279687 0.795833 0.275000 0.795833 0.270313 0.789583 0.267188 0.789583 0.264062 0.785417 0.260937 0.785417 0.259375 0.783333 0.257812 0.783333 0.256250 0.781250 0.245312 0.781250 0.243750 0.779167 0.240625 0.779167 0.232813 0.768750 0.232813 0.766667 0.231250 0.766667 0.229687 0.764583 0.229687 0.762500 0.226562 0.758333 0.225000 0.758333 0.221875 0.754167 0.220312 0.754167 0.217188 0.750000 0.215625 0.750000 0.214062 0.747917 0.212500 0.747917 0.210938 0.745833 0.209375 0.745833 0.207813 0.743750 0.206250 0.743750 0.201563 0.737500 0.201563 0.735417 0.203125 0.733333 0.206250 0.733333 0.207813 0.731250 0.214062 0.731250 0.215625 0.729167 0.217188 0.729167 0.218750 0.727083 0.225000 0.727083 0.226562 0.725000 0.234375 0.725000 0.235937 0.722917 0.237500 0.722917 0.239063 0.725000 0.240625 0.722917 0.248438 0.722917 0.250000 0.725000 0.256250 0.725000 0.257812 0.727083 0.262500 0.727083 0.265625 0.731250 0.270313 0.731250 0.271875 0.733333 0.279687 0.733333 0.281250 0.735417 0.284375 0.735417 0.285938 0.737500 0.287500 0.737500 0.289062 0.735417 0.293750 0.735417 0.296875 0.731250 0.296875 0.727083 0.295312 0.725000 0.293750 0.725000 0.292187 0.722917 0.290625 0.722917 0.289062 0.720833 0.289062 0.716667 0.290625 0.714583 0.293750 0.714583 0.298438 0.708333 0.298438 0.704167 0.296875 0.702083 0.296875 0.700000 0.295312 0.697917 0.295312 0.695833 0.290625 0.689583 0.289062 0.689583 0.285938 0.685417 0.284375 0.685417 0.276562 0.675000 0.275000 0.675000 0.271875 0.670833 0.270313 0.670833 0.264062 0.662500 0.262500 0.662500 0.256250 0.654167 0.254688 0.654167 0.251563 0.650000 0.248438 0.650000 0.246875 0.647917 0.237500 0.647917 0.235937 0.645833 0.229687 0.645833 0.228125 0.643750 0.221875 0.643750 0.220312 0.641667 0.210938 0.641667 0.209375 0.639583 0.203125 0.639583 0.201563 0.637500 0.190625 0.637500 0.189062 0.635417 0.187500 0.637500 0.170313 0.637500 0.168750 0.639583 0.167187 0.637500 0.162500 0.637500 0.160938 0.639583 0.150000 0.639583 0.148438 0.641667 0.143750 0.641667 0.142187 0.643750 0.137500 0.643750 0.135937 0.645833 0.115625 0.645833 0.114062 0.643750 0.109375 0.643750 0.107813 0.641667 0.100000 0.641667 0.098437 0.639583 0.096875 0.639583 0.095312 0.637500 0.092188 0.637500 0.090625 0.635417 0.079687 0.635417 0.076563 0.631250 0.073438 0.631250 0.071875 0.629167 0.068750 0.629167 0.067187 0.627083 0.062500 0.627083 0.060937 0.625000 0.059375 0.625000 0.057813 0.622917 0.053125 0.622917 0.051562 0.620833 0.048438 0.620833 0.046875 0.618750 0.045312 0.618750 0.043750 0.616667 0.039062 0.616667 0.037500 0.614583 0.035937 0.614583 0.034375 0.612500 0.031250 0.612500 0.029687 0.610417 0.026562 0.610417 0.025000 0.608333 0.021875 0.608333 0.020313 0.606250 0.017188 0.606250 0.015625 0.604167 0.012500 0.604167 0.010937 0.602083 0.007812 0.602083 0.006250 0.600000 0.003125 0.600000 0.001563 0.597917
2 0.200000 0.916667 0.198437 0.918750 0.187500 0.918750 0.185938 0.920833 0.179688 0.920833 0.178125 0.922917 0.178125 0.931250 0.176563 0.933333 0.176563 0.956250 0.175000 0.958333 0.175000 0.972917 0.173437 0.975000 0.173437 0.997917 0.214062 0.997917 0.214062 0.987500 0.215625 0.985417 0.215625 0.964583 0.217188 0.962500 0.217188 0.922917 0.215625 0.920833 0.215625 0.918750 0.214062 0.916667
2 0.240625 0.727083 0.239063 0.729167 0.237500 0.729167 0.235937 0.731250 0.235937 0.733333 0.232813 0.737500 0.232813 0.739583 0.231250 0.741667 0.231250 0.743750 0.229687 0.745833 0.229687 0.754167 0.232813 0.758333 0.232813 0.760417 0.237500 0.766667 0.239063 0.766667 0.240625 0.768750 0.242188 0.768750 0.245312 0.772917 0.248438 0.772917 0.250000 0.775000 0.253125 0.775000 0.254688 0.777083 0.256250 0.777083 0.257812 0.779167 0.259375 0.779167 0.260937 0.781250 0.262500 0.781250 0.264062 0.783333 0.265625 0.783333 0.267188 0.785417 0.268750 0.785417 0.270313 0.787500 0.271875 0.787500 0.275000 0.791667 0.278125 0.791667 0.279687 0.793750 0.281250 0.793750 0.282813 0.795833 0.284375 0.795833 0.285938 0.797917 0.289062 0.797917 0.290625 0.800000 0.292187 0.800000 0.293750 0.802083 0.295312 0.802083 0.296875 0.804167 0.298438 0.804167 0.300000 0.806250 0.301563 0.806250 0.304688 0.810417 0.306250 0.810417 0.307812 0.812500 0.309375 0.812500 0.310937 0.814583 0.312500 0.814583 0.315625 0.818750 0.317188 0.818750 0.318750 0.820833 0.320312 0.820833 0.321875 0.822917 0.323437 0.822917 0.325000 0.825000 0.328125 0.825000 0.329688 0.827083 0.331250 0.827083 0.332813 0.829167 0.334375 0.829167 0.335938 0.831250 0.337500 0.831250 0.339062 0.833333 0.342187 0.833333 0.343750 0.835417 0.345313 0.835417 0.346875 0.837500 0.348438 0.837500 0.350000 0.839583 0.351562 0.839583 0.353125 0.841667 0.356250 0.841667 0.357812 0.843750 0.359375 0.843750 0.360938 0.845833 0.362500 0.845833 0.364063 0.847917 0.367188 0.847917 0.368750 0.850000 0.370312 0.850000 0.371875 0.852083 0.375000 0.852083 0.378125 0.856250 0.379688 0.856250 0.381250 0.858333 0.387500 0.858333 0.390625 0.862500 0.392188 0.862500 0.393750 0.864583 0.395313 0.864583 0.396875 0.866667 0.398438 0.866667 0.400000 0.868750 0.401562 0.868750 0.403125 0.870833 0.404687 0.870833 0.407813 0.875000 0.410938 0.875000 0.412500 0.877083 0.415625 0.877083 0.417187 0.879167 0.418750 0.879167 0.420312 0.881250 0.421875 0.881250 0.423438 0.883333 0.425000 0.883333 0.426563 0.885417 0.428125 0.885417 0.429688 0.887500 0.431250 0.887500 0.432812 0.889583 0.434375 0.889583 0.435937 0.891667 0.437500 0.891667 0.439063 0.893750 0.440625 0.893750 0.442188 0.895833 0.443750 0.895833 0.445312 0.897917 0.446875 0.897917 0.448437 0.900000 0.450000 0.900000 0.453125 0.904167 0.454688 0.904167 0.456250 0.906250 0.459375 0.906250 0.460938 0.908333 0.462500 0.908333 0.464062 0.910417 0.465625 0.910417 0.468750 0.914583 0.470313 0.914583 0.471875 0.916667 0.473438 0.916667 0.475000 0.918750 0.476562 0.918750 0.478125 0.920833 0.481250 0.920833 0.484375 0.925000 0.485938 0.925000 0.487500 0.927083 0.489063 0.927083 0.490625 0.929167 0.492188 0.929167 0.493750 0.931250 0.495312 0.931250 0.498437 0.935417 0.501563 0.935417 0.503125 0.937500 0.506250 0.937500 0.507812 0.939583 0.510938 0.939583 0.515625 0.945833 0.517188 0.945833 0.518750 0.947917 0.520312 0.947917 0.521875 0.950000 0.525000 0.950000 0.526563 0.952083 0.531250 0.952083 0.534375 0.956250 0.535937 0.956250 0.537500 0.958333 0.539062 0.958333 0.540625 0.960417 0.543750 0.960417 0.548438 0.966667 0.557813 0.966667 0.559375 0.968750 0.562500 0.968750 0.564063 0.970833 0.576562 0.970833 0.578125 0.968750 0.581250 0.968750 0.582812 0.966667 0.584375 0.966667 0.585938 0.964583 0.585938 0.962500 0.587500 0.960417 0.587500 0.954167 0.590625 0.950000 0.590625 0.945833 0.592187 0.943750 0.592187 0.939583 0.593750 0.937500 0.593750 0.935417 0.595313 0.933333 0.595313 0.931250 0.593750 0.929167 0.593750 0.927083 0.592187 0.925000 0.592187 0.922917 0.589063 0.918750 0.587500 0.918750 0.584375 0.914583 0.582812 0.914583 0.581250 0.912500 0.579688 0.912500 0.576562 0.908333 0.575000 0.908333 0.571875 0.904167 0.570312 0.904167 0.568750 0.902083 0.567187 0.902083 0.565625 0.900000 0.564063 0.900000 0.560937 0.895833 0.559375 0.895833 0.557813 0.893750 0.556250 0.893750 0.554688 0.891667 0.553125 0.891667 0.551562 0.889583 0.550000 0.889583 0.548438 0.887500 0.546875 0.887500 0.545312 0.885417 0.543750 0.885417 0.542188 0.883333 0.540625 0.883333 0.539062 0.881250 0.537500 0.881250 0.535937 0.879167 0.534375 0.879167 0.532813 0.877083 0.531250 0.877083 0.529687 0.875000 0.526563 0.875000 0.525000 0.872917 0.523438 0.872917 0.520312 0.868750 0.518750 0.868750 0.517188 0.866667 0.515625 0.866667 0.514062 0.864583 0.512500 0.864583 0.510938 0.862500 0.509375 0.862500 0.507812 0.860417 0.506250 0.860417 0.504687 0.858333 0.503125 0.858333 0.500000 0.854167 0.498437 0.854167 0.496875 0.852083 0.495312 0.852083 0.493750 0.850000 0.492188 0.850000 0.490625 0.847917 0.489063 0.847917 0.487500 0.845833 0.485938 0.845833 0.484375 0.843750 0.482812 0.843750 0.481250 0.841667 0.479687 0.841667 0.478125 0.839583 0.476562 0.839583 0.475000 0.837500 0.473438 0.837500 0.471875 0.835417 0.470313 0.835417 0.468750 0.833333 0.465625 0.833333 0.464062 0.831250 0.462500 0.831250 0.459375 0.827083 0.457813 0.827083 0.456250 0.825000 0.454688 0.825000 0.453125 0.822917 0.451562 0.822917 0.450000 0.820833 0.448437 0.820833 0.446875 0.818750 0.445312 0.818750 0.443750 0.816667 0.442188 0.816667 0.440625 0.814583 0.439063 0.814583 0.435937 0.810417 0.434375 0.810417 0.432812 0.808333 0.431250 0.808333 0.429688 0.806250 0.428125 0.806250 0.426563 0.804167 0.425000 0.804167 0.423438 0.802083 0.420312 0.802083 0.418750 0.800000 0.417187 0.800000 0.415625 0.797917 0.414062 0.797917 0.410938 0.793750 0.409375 0.793750 0.406250 0.789583 0.403125 0.789583 0.401562 0.787500 0.400000 0.787500 0.398438 0.785417 0.396875 0.785417 0.395313 0.783333 0.393750 0.783333 0.392188 0.781250 0.387500 0.781250 0.385937 0.779167 0.382812 0.779167 0.381250 0.777083 0.379688 0.777083 0.378125 0.775000 0.375000 0.775000 0.373437 0.772917 0.370312 0.772917 0.367188 0.768750 0.365625 0.768750 0.364063 0.766667 0.360938 0.766667 0.359375 0.764583 0.357812 0.764583 0.356250 0.762500 0.356250 0.760417 0.353125 0.760417 0.351562 0.758333 0.350000 0.758333 0.346875 0.754167 0.345313 0.754167 0.342187 0.750000 0.337500 0.750000 0.332813 0.743750 0.329688 0.743750 0.326562 0.739583 0.325000 0.739583 0.323437 0.737500 0.321875 0.737500 0.320312 0.735417 0.315625 0.735417 0.314063 0.733333 0.312500 0.733333 0.309375 0.729167 0.307812 0.729167 0.306250 0.727083 0.304688 0.729167 0.303125 0.729167 0.300000 0.733333 0.300000 0.735417 0.298438 0.737500 0.296875 0.737500 0.295312 0.739583 0.293750 0.739583 0.292187 0.741667 0.287500 0.741667 0.285938 0.739583 0.278125 0.739583 0.276562 0.737500 0.275000 0.737500 0.273438 0.735417 0.267188 0.735417 0.265625 0.733333 0.264062 0.733333 0.262500 0.731250 0.259375 0.731250 0.257812 0.729167 0.250000 0.729167 0.248438 0.727083
2 0.526563 0.131250 0.525000 0.133333 0.523438 0.133333 0.500000 0.164583 0.500000 0.166667 0.495312 0.172917 0.495312 0.175000 0.493750 0.177083 0.493750 0.185417 0.495312 0.187500 0.495312 0.189583 0.496875 0.191667 0.496875 0.193750 0.498437 0.195833 0.498437 0.197917 0.500000 0.200000 0.500000 0.202083 0.501563 0.204167 0.503125 0.204167 0.507812 0.210417 0.507812 0.212500 0.509375 0.214583 0.510938 0.214583 0.512500 0.216667 0.515625 0.216667 0.517188 0.218750 0.518750 0.218750 0.540625 0.247917 0.540625 0.250000 0.542188 0.250000 0.550000 0.260417 0.551562 0.260417 0.553125 0.262500 0.553125 0.264583 0.559375 0.272917 0.560937 0.272917 0.570312 0.285417 0.570312 0.287500 0.571875 0.287500 0.589063 0.310417 0.590625 0.310417 0.593750 0.314583 0.593750 0.316667 0.595313 0.318750 0.596875 0.318750 0.600000 0.322917 0.601562 0.322917 0.626563 0.356250 0.628125 0.356250 0.635938 0.366667 0.637500 0.366667 0.643750 0.375000 0.645312 0.375000 0.648438 0.379167 0.648438 0.381250 0.664062 0.402083 0.664062 0.404167 0.681250 0.427083 0.681250 0.429167 0.682813 0.431250 0.684375 0.431250 0.690625 0.439583 0.692187 0.439583 0.700000 0.450000 0.701562 0.450000 0.712500 0.464583 0.714063 0.464583 0.723437 0.477083 0.725000 0.477083 0.728125 0.481250 0.729688 0.481250 0.731250 0.483333 0.732812 0.483333 0.734375 0.481250 0.739062 0.481250 0.740625 0.479167 0.742188 0.479167 0.743750 0.477083 0.745313 0.477083 0.746875 0.475000 0.748437 0.475000 0.750000 0.472917 0.750000 0.470833 0.751563 0.468750 0.753125 0.468750 0.754687 0.466667 0.756250 0.466667 0.757812 0.464583 0.757812 0.462500 0.759375 0.460417 0.759375 0.458333 0.760938 0.456250 0.760938 0.445833 0.757812 0.441667 0.757812 0.439583 0.756250 0.437500 0.756250 0.435417 0.742188 0.416667 0.740625 0.416667 0.739062 0.414583 0.739062 0.412500 0.737500 0.412500 0.734375 0.408333 0.734375 0.406250 0.732812 0.406250 0.715625 0.383333 0.715625 0.381250 0.710938 0.375000 0.710938 0.372917 0.701562 0.360417 0.701562 0.358333 0.696875 0.352083 0.695312 0.352083 0.689063 0.343750 0.687500 0.343750 0.681250 0.335417 0.679688 0.335417 0.671875 0.325000 0.670312 0.325000 0.659375 0.310417 0.657813 0.310417 0.653125 0.304167 0.653125 0.302083 0.645312 0.291667 0.645312 0.289583 0.639062 0.281250 0.637500 0.281250 0.604688 0.237500 0.604688 0.235417 0.600000 0.229167 0.598437 0.229167 0.590625 0.218750 0.589063 0.218750 0.582812 0.210417 0.582812 0.208333 0.575000 0.197917 0.575000 0.195833 0.573438 0.193750 0.571875 0.193750 0.565625 0.185417 0.564063 0.185417 0.562500 0.183333 0.562500 0.181250 0.560937 0.179167 0.559375 0.179167 0.557813 0.177083 0.557813 0.175000 0.556250 0.175000 0.545312 0.160417 0.545312 0.158333 0.543750 0.156250 0.542188 0.156250 0.539062 0.152083 0.539062 0.150000 0.535937 0.145833 0.535937 0.143750 0.534375 0.141667 0.534375 0.139583 0.528125 0.131250
2 0.682813 0.037500 0.681250 0.039583 0.675000 0.039583 0.673438 0.041667 0.668750 0.041667 0.667188 0.043750 0.667188 0.047917 0.662500 0.054167 0.660937 0.054167 0.660937 0.056250 0.657813 0.060417 0.657813 0.068750 0.656250 0.070833 0.656250 0.089583 0.657813 0.091667 0.657813 0.095833 0.660937 0.100000 0.660937 0.102083 0.662500 0.104167 0.662500 0.106250 0.665625 0.110417 0.665625 0.112500 0.668750 0.116667 0.668750 0.118750 0.673438 0.125000 0.673438 0.127083 0.676562 0.131250 0.676562 0.133333 0.679688 0.137500 0.679688 0.139583 0.681250 0.141667 0.681250 0.143750 0.687500 0.152083 0.687500 0.154167 0.689063 0.156250 0.689063 0.158333 0.692187 0.162500 0.692187 0.164583 0.695312 0.168750 0.695312 0.170833 0.696875 0.172917 0.696875 0.175000 0.703125 0.183333 0.703125 0.185417 0.704688 0.187500 0.704688 0.189583 0.707812 0.193750 0.707812 0.195833 0.710938 0.200000 0.710938 0.202083 0.714063 0.206250 0.714063 0.208333 0.720313 0.216667 0.720313 0.218750 0.721875 0.220833 0.721875 0.222917 0.725000 0.227083 0.725000 0.229167 0.729688 0.235417 0.729688 0.237500 0.732812 0.241667 0.732812 0.243750 0.735938 0.247917 0.735938 0.250000 0.739062 0.254167 0.739062 0.256250 0.742188 0.260417 0.742188 0.262500 0.748437 0.270833 0.748437 0.272917 0.751563 0.277083 0.751563 0.279167 0.757812 0.287500 0.757812 0.289583 0.762500 0.295833 0.762500 0.297917 0.764062 0.300000 0.765625 0.300000 0.767188 0.302083 0.768750 0.302083 0.770312 0.304167 0.771875 0.304167 0.773438 0.306250 0.779687 0.306250 0.781250 0.304167 0.782813 0.304167 0.784375 0.302083 0.787500 0.302083 0.789062 0.300000 0.790625 0.300000 0.792188 0.297917 0.793750 0.297917 0.790625 0.293750 0.792188 0.291667 0.793750 0.291667 0.795312 0.289583 0.795312 0.287500 0.798438 0.283333 0.800000 0.283333 0.803125 0.279167 0.804688 0.279167 0.804688 0.277083 0.803125 0.277083 0.801562 0.275000 0.801562 0.266667 0.800000 0.264583 0.800000 0.262500 0.798438 0.260417 0.798438 0.258333 0.795312 0.254167 0.795312 0.252083 0.793750 0.250000 0.793750 0.247917 0.792188 0.245833 0.792188 0.243750 0.790625 0.241667 0.790625 0.239583 0.789062 0.237500 0.789062 0.235417 0.785937 0.231250 0.785937 0.229167 0.782813 0.225000 0.782813 0.222917 0.781250 0.220833 0.781250 0.218750 0.779687 0.216667 0.779687 0.214583 0.778125 0.212500 0.778125 0.210417 0.775000 0.206250 0.775000 0.204167 0.773438 0.202083 0.773438 0.200000 0.771875 0.197917 0.771875 0.195833 0.767188 0.189583 0.767188 0.187500 0.764062 0.183333 0.764062 0.181250 0.757812 0.172917 0.757812 0.168750 0.750000 0.158333 0.750000 0.154167 0.746875 0.150000 0.746875 0.147917 0.743750 0.143750 0.743750 0.139583 0.742188 0.137500 0.742188 0.135417 0.739062 0.131250 0.739062 0.129167 0.735938 0.125000 0.735938 0.122917 0.732812 0.118750 0.732812 0.116667 0.731250 0.114583 0.731250 0.112500 0.728125 0.108333 0.728125 0.106250 0.723437 0.100000 0.723437 0.097917 0.720313 0.093750 0.720313 0.091667 0.717187 0.087500 0.717187 0.085417 0.712500 0.079167 0.712500 0.075000 0.707812 0.068750 0.707812 0.066667 0.703125 0.060417 0.703125 0.058333 0.696875 0.050000 0.696875 0.043750 0.695312 0.043750 0.690625 0.037500
3 0.467187 0.310417 0.465625 0.312500 0.465625 0.314583 0.462500 0.318750 0.462500 0.333333 0.464062 0.335417 0.464062 0.341667 0.465625 0.343750 0.465625 0.350000 0.468750 0.354167 0.468750 0.356250 0.470313 0.356250 0.481250 0.370833 0.482812 0.370833 0.487500 0.377083 0.489063 0.377083 0.493750 0.383333 0.495312 0.383333 0.500000 0.389583 0.503125 0.389583 0.506250 0.393750 0.507812 0.393750 0.510938 0.397917 0.512500 0.397917 0.515625 0.402083 0.515625 0.404167 0.518750 0.404167 0.520312 0.406250 0.521875 0.406250 0.523438 0.408333 0.523438 0.410417 0.531250 0.420833 0.532813 0.420833 0.534375 0.422917 0.535937 0.422917 0.539062 0.427083 0.539062 0.429167 0.540625 0.429167 0.545312 0.435417 0.546875 0.435417 0.557813 0.450000 0.559375 0.450000 0.562500 0.454167 0.562500 0.456250 0.564063 0.458333 0.565625 0.458333 0.570312 0.464583 0.571875 0.464583 0.576562 0.470833 0.576562 0.472917 0.578125 0.475000 0.579688 0.475000 0.581250 0.477083 0.589063 0.477083 0.589063 0.475000 0.590625 0.472917 0.590625 0.470833 0.589063 0.468750 0.589063 0.466667 0.579688 0.454167 0.578125 0.454167 0.565625 0.437500 0.565625 0.435417 0.564063 0.433333 0.562500 0.433333 0.556250 0.425000 0.554688 0.425000 0.551562 0.420833 0.551562 0.418750 0.546875 0.412500 0.546875 0.410417 0.545312 0.408333 0.545312 0.404167 0.543750 0.402083 0.543750 0.400000 0.540625 0.395833 0.540625 0.391667 0.532813 0.381250 0.532813 0.379167 0.531250 0.379167 0.525000 0.370833 0.525000 0.368750 0.517188 0.358333 0.517188 0.356250 0.515625 0.356250 0.506250 0.343750 0.506250 0.341667 0.501563 0.335417 0.500000 0.335417 0.495312 0.329167 0.493750 0.329167 0.492188 0.327083 0.492188 0.325000 0.490625 0.325000 0.484375 0.316667 0.482812 0.316667 0.479687 0.312500 0.478125 0.312500 0.476562 0.310417
4 0.423438 0.954167 0.421875 0.956250 0.404687 0.956250 0.403125 0.958333 0.400000 0.958333 0.398438 0.960417 0.396875 0.960417 0.393750 0.964583 0.392188 0.964583 0.390625 0.966667 0.389062 0.966667 0.387500 0.968750 0.382812 0.968750 0.381250 0.970833 0.379688 0.970833 0.375000 0.977083 0.375000 0.997917 0.404687 0.997917 0.403125 0.995833 0.403125 0.993750 0.400000 0.989583 0.400000 0.987500 0.398438 0.985417 0.398438 0.983333 0.400000 0.981250 0.400000 0.979167 0.406250 0.970833 0.409375 0.970833 0.410938 0.968750 0.418750 0.968750 0.420312 0.966667 0.429688 0.966667 0.431250 0.968750 0.462500 0.968750 0.464062 0.970833 0.467187 0.970833 0.468750 0.972917 0.468750 0.975000 0.470313 0.977083 0.470313 0.981250 0.468750 0.983333 0.462500 0.983333 0.460938 0.985417 0.454688 0.985417 0.453125 0.987500 0.446875 0.987500 0.445312 0.989583 0.443750 0.989583 0.442188 0.991667 0.434375 0.991667 0.432812 0.993750 0.429688 0.993750 0.426563 0.997917 0.481250 0.997917 0.482812 0.995833 0.485938 0.995833 0.487500 0.993750 0.493750 0.993750 0.495312 0.991667 0.500000 0.991667 0.501563 0.989583 0.506250 0.989583 0.507812 0.987500 0.512500 0.987500 0.514062 0.985417 0.517188 0.985417 0.518750 0.983333 0.525000 0.983333 0.526563 0.981250 0.529687 0.981250 0.531250 0.979167 0.539062 0.979167 0.540625 0.977083 0.548438 0.977083 0.550000 0.975000 0.551562 0.975000 0.553125 0.977083 0.556250 0.977083 0.567187 0.991667 0.568750 0.991667 0.570312 0.993750 0.576562 0.993750 0.581250 0.987500 0.582812 0.987500 0.582812 0.985417 0.584375 0.983333 0.584375 0.972917 0.582812 0.970833 0.581250 0.970833 0.579688 0.968750 0.578125 0.968750 0.576562 0.970833 0.568750 0.970833 0.567187 0.968750 0.560937 0.968750 0.559375 0.966667 0.548438 0.966667 0.546875 0.964583 0.546875 0.962500 0.545312 0.962500 0.543750 0.960417 0.539062 0.960417 0.537500 0.958333 0.531250 0.958333 0.529687 0.956250 0.523438 0.956250 0.521875 0.954167 0.517188 0.954167 0.515625 0.956250 0.435937 0.956250 0.434375 0.954167
1 0.273438 0.841667 0.271875 0.843750 0.264062 0.843750 0.262500 0.845833 0.257812 0.845833 0.256250 0.847917 0.253125 0.847917 0.251563 0.850000 0.248438 0.850000 0.246875 0.852083 0.243750 0.852083 0.242188 0.854167 0.239063 0.854167 0.237500 0.856250 0.235937 0.856250 0.234375 0.858333 0.229687 0.858333 0.228125 0.860417 0.223438 0.860417 0.221875 0.862500 0.220312 0.862500 0.218750 0.864583 0.217188 0.864583 0.214062 0.868750 0.212500 0.868750 0.210938 0.870833 0.209375 0.870833 0.207813 0.872917 0.203125 0.872917 0.201563 0.875000 0.196875 0.875000 0.195312 0.877083 0.193750 0.877083 0.192188 0.879167 0.190625 0.879167 0.187500 0.883333 0.185938 0.883333 0.184375 0.885417 0.184375 0.887500 0.182812 0.889583 0.181250 0.889583 0.181250 0.914583 0.182812 0.916667 0.203125 0.916667 0.204687 0.914583 0.212500 0.914583 0.214062 0.916667 0.215625 0.916667 0.217188 0.918750 0.217188 0.927083 0.218750 0.929167 0.218750 0.941667 0.221875 0.945833 0.223438 0.945833 0.225000 0.947917 0.226562 0.945833 0.229687 0.945833 0.231250 0.947917 0.232813 0.945833 0.264062 0.945833 0.265625 0.943750 0.298438 0.943750 0.300000 0.941667 0.340625 0.941667 0.342187 0.939583 0.360938 0.939583 0.362500 0.937500 0.367188 0.937500 0.368750 0.935417 0.368750 0.931250 0.370312 0.929167 0.370312 0.914583 0.371875 0.912500 0.371875 0.902083 0.373437 0.900000 0.373437 0.889583 0.375000 0.887500 0.375000 0.875000 0.376563 0.872917 0.376563 0.860417 0.371875 0.854167 0.370312 0.854167 0.368750 0.852083 0.365625 0.852083 0.364063 0.850000 0.356250 0.850000 0.353125 0.854167 0.351562 0.854167 0.350000 0.856250 0.345313 0.856250 0.343750 0.854167 0.340625 0.854167 0.339062 0.852083 0.329688 0.852083 0.328125 0.850000 0.321875 0.850000 0.320312 0.847917 0.315625 0.847917 0.314063 0.845833 0.301563 0.845833 0.300000 0.843750 0.282813 0.843750 0.281250 0.841667
1 0.181250 0.768750 0.178125 0.772917 0.178125 0.783333 0.181250 0.787500 0.187500 0.787500 0.189062 0.785417 0.195312 0.785417 0.196875 0.783333 0.201563 0.783333 0.203125 0.781250 0.204687 0.781250 0.206250 0.779167 0.206250 0.777083 0.204687 0.777083 0.203125 0.775000 0.201563 0.775000 0.200000 0.772917 0.195312 0.772917 0.193750 0.770833 0.190625 0.770833 0.189062 0.768750
1 0.220312 0.727083 0.218750 0.729167 0.218750 0.731250 0.217188 0.733333 0.215625 0.733333 0.214062 0.735417 0.210938 0.735417 0.210938 0.739583 0.212500 0.741667 0.214062 0.741667 0.217188 0.745833 0.218750 0.745833 0.220312 0.747917 0.223438 0.747917 0.228125 0.741667 0.228125 0.739583 0.231250 0.735417 0.231250 0.729167 0.229687 0.727083
1 0.160938 0.064583 0.159375 0.066667 0.159375 0.116667 0.160938 0.118750 0.160938 0.172917 0.162500 0.175000 0.162500 0.233333 0.164062 0.235417 0.164062 0.285417 0.165625 0.287500 0.165625 0.352083 0.167187 0.354167 0.167187 0.356250 0.165625 0.358333 0.165625 0.368750 0.167187 0.370833 0.167187 0.397917 0.168750 0.400000 0.168750 0.468750 0.170313 0.470833 0.170313 0.533333 0.171875 0.535417 0.171875 0.589583 0.170313 0.591667 0.170313 0.593750 0.167187 0.597917 0.167187 0.600000 0.165625 0.602083 0.165625 0.608333 0.164062 0.610417 0.164062 0.618750 0.162500 0.620833 0.162500 0.625000 0.164062 0.627083 0.164062 0.629167 0.168750 0.629167 0.170313 0.631250 0.173437 0.631250 0.175000 0.633333 0.185938 0.633333 0.187500 0.631250 0.190625 0.631250 0.192188 0.633333 0.206250 0.633333 0.207813 0.635417 0.214062 0.635417 0.215625 0.637500 0.225000 0.637500 0.226562 0.639583 0.231250 0.639583 0.232813 0.641667 0.239063 0.641667 0.240625 0.643750 0.246875 0.643750 0.248438 0.645833 0.253125 0.645833 0.257812 0.652083 0.259375 0.652083 0.264062 0.658333 0.265625 0.658333 0.273438 0.668750 0.275000 0.668750 0.276562 0.670833 0.278125 0.670833 0.287500 0.683333 0.289062 0.683333 0.292187 0.687500 0.293750 0.687500 0.295312 0.689583 0.295312 0.691667 0.301563 0.700000 0.301563 0.702083 0.303125 0.704167 0.303125 0.714583 0.304688 0.716667 0.306250 0.716667 0.307812 0.718750 0.314063 0.718750 0.315625 0.716667 0.317188 0.716667 0.320312 0.712500 0.321875 0.712500 0.325000 0.708333 0.326562 0.708333 0.328125 0.706250 0.340625 0.706250 0.350000 0.718750 0.350000 0.722917 0.353125 0.727083 0.354687 0.727083 0.357812 0.731250 0.359375 0.731250 0.360938 0.733333 0.360938 0.735417 0.364063 0.739583 0.365625 0.739583 0.367188 0.741667 0.378125 0.741667 0.379688 0.743750 0.381250 0.743750 0.384375 0.747917 0.385937 0.747917 0.387500 0.750000 0.387500 0.747917 0.389062 0.745833 0.389062 0.743750 0.390625 0.741667 0.390625 0.735417 0.392188 0.733333 0.392188 0.722917 0.393750 0.720833 0.393750 0.708333 0.395313 0.706250 0.395313 0.691667 0.396875 0.689583 0.396875 0.679167 0.398438 0.677083 0.398438 0.662500 0.400000 0.660417 0.400000 0.650000 0.401562 0.647917 0.401562 0.633333 0.403125 0.631250 0.403125 0.618750 0.404687 0.616667 0.404687 0.606250 0.406250 0.604167 0.406250 0.591667 0.407813 0.589583 0.407813 0.579167 0.409375 0.577083 0.409375 0.562500 0.410938 0.560417 0.410938 0.547917 0.412500 0.545833 0.412500 0.535417 0.414062 0.533333 0.414062 0.518750 0.415625 0.516667 0.415625 0.504167 0.417187 0.502083 0.417187 0.489583 0.418750 0.487500 0.418750 0.472917 0.420312 0.470833 0.420312 0.460417 0.421875 0.458333 0.421875 0.441667 0.423438 0.439583 0.423438 0.429167 0.425000 0.427083 0.425000 0.414583 0.426563 0.412500 0.426563 0.400000 0.428125 0.397917 0.428125 0.383333 0.429688 0.381250 0.429688 0.366667 0.431250 0.364583 0.431250 0.356250 0.432812 0.354167 0.432812 0.339583 0.434375 0.337500 0.434375 0.325000 0.435937 0.322917 0.435937 0.312500 0.437500 0.310417 0.437500 0.295833 0.439063 0.293750 0.439063 0.281250 0.440625 0.279167 0.440625 0.266667 0.442188 0.264583 0.442188 0.250000 0.443750 0.247917 0.443750 0.237500 0.445312 0.235417 0.445312 0.218750 0.446875 0.216667 0.446875 0.206250 0.448437 0.204167 0.448437 0.191667 0.450000 0.189583 0.450000 0.175000 0.451562 0.172917 0.451562 0.160417 0.453125 0.158333 0.453125 0.141667 0.454688 0.139583 0.454688 0.125000 0.456250 0.122917 0.456250 0.116667 0.454688 0.114583 0.454688 0.110417 0.450000 0.110417 0.448437 0.108333 0.437500 0.108333 0.435937 0.106250 0.425000 0.106250 0.423438 0.104167 0.412500 0.104167 0.410938 0.102083 0.400000 0.102083 0.398438 0.100000 0.387500 0.100000 0.385937 0.097917 0.375000 0.097917 0.373437 0.095833 0.360938 0.095833 0.359375 0.093750 0.350000 0.093750 0.348438 0.091667 0.335938 0.091667 0.334375 0.089583 0.323437 0.089583 0.321875 0.087500 0.310937 0.087500 0.309375 0.085417 0.298438 0.085417 0.296875 0.083333 0.285938 0.083333 0.284375 0.081250 0.271875 0.081250 0.270313 0.079167 0.260937 0.079167 0.259375 0.077083 0.243750 0.077083 0.242188 0.075000 0.232813 0.075000 0.231250 0.072917 0.217188 0.072917 0.215625 0.070833 0.204687 0.070833 0.203125 0.068750 0.190625 0.068750 0.189062 0.066667 0.178125 0.066667 0.176563 0.064583