0 0.264062 0.556250 0.260937 0.560417 0.260937 0.562500 0.257812 0.566667 0.257812 0.568750 0.256250 0.570833 0.256250 0.572917 0.254688 0.575000 0.254688 0.579167 0.251563 0.583333 0.251563 0.587500 0.250000 0.589583 0.250000 0.593750 0.251563 0.595833 0.251563 0.600000 0.253125 0.602083 0.253125 0.614583 0.254688 0.616667 0.254688 0.629167 0.256250 0.631250 0.256250 0.639583 0.262500 0.647917 0.262500 0.650000 0.278125 0.670833 0.278125 0.672917 0.281250 0.677083 0.281250 0.679167 0.282813 0.681250 0.287500 0.681250 0.290625 0.677083 0.290625 0.664583 0.289062 0.662500 0.289062 0.658333 0.287500 0.656250 0.287500 0.652083 0.285938 0.650000 0.285938 0.645833 0.284375 0.643750 0.284375 0.637500 0.282813 0.635417 0.282813 0.633333 0.281250 0.631250 0.281250 0.622917 0.279687 0.620833 0.279687 0.614583 0.278125 0.612500 0.278125 0.606250 0.276562 0.604167 0.276562 0.597917 0.275000 0.595833 0.275000 0.589583 0.273438 0.587500 0.273438 0.581250 0.271875 0.579167 0.271875 0.572917 0.270313 0.570833 0.270313 0.566667 0.268750 0.564583 0.268750 0.562500 0.267188 0.560417 0.267188 0.558333 0.265625 0.556250
0 0.282813 0.000000 0.281250 0.002083 0.281250 0.004167 0.279687 0.006250 0.279687 0.008333 0.278125 0.010417 0.278125 0.012500 0.276562 0.014583 0.276562 0.016667 0.275000 0.018750 0.275000 0.020833 0.273438 0.022917 0.273438 0.025000 0.271875 0.027083 0.271875 0.031250 0.268750 0.035417 0.268750 0.039583 0.267188 0.041667 0.267188 0.043750 0.265625 0.045833 0.265625 0.047917 0.264062 0.050000 0.264062 0.054167 0.262500 0.056250 0.262500 0.058333 0.260937 0.060417 0.260937 0.064583 0.259375 0.066667 0.259375 0.068750 0.257812 0.070833 0.257812 0.072917 0.256250 0.075000 0.256250 0.079167 0.251563 0.085417 0.251563 0.089583 0.250000 0.091667 0.250000 0.093750 0.248438 0.095833 0.248438 0.097917 0.246875 0.100000 0.246875 0.102083 0.245312 0.104167 0.245312 0.106250 0.242188 0.110417 0.242188 0.112500 0.240625 0.114583 0.240625 0.118750 0.239063 0.120833 0.239063 0.122917 0.237500 0.125000 0.237500 0.127083 0.235937 0.129167 0.235937 0.133333 0.234375 0.135417 0.234375 0.139583 0.232813 0.141667 0.232813 0.147917 0.231250 0.150000 0.231250 0.164583 0.229687 0.166667 0.229687 0.168750 0.231250 0.170833 0.231250 0.197917 0.229687 0.200000 0.229687 0.210417 0.228125 0.212500 0.228125 0.216667 0.226562 0.218750 0.226562 0.222917 0.225000 0.225000 0.225000 0.241667 0.223438 0.243750 0.223438 0.247917 0.221875 0.250000 0.221875 0.254167 0.220312 0.256250 0.220312 0.260417 0.218750 0.262500 0.218750 0.264583 0.215625 0.268750 0.215625 0.272917 0.214062 0.275000 0.214062 0.277083 0.212500 0.279167 0.212500 0.283333 0.210938 0.285417 0.210938 0.316667 0.212500 0.318750 0.212500 0.327083 0.214062 0.329167 0.214062 0.343750 0.212500 0.345833 0.212500 0.350000 0.210938 0.352083 0.210938 0.354167 0.209375 0.356250 0.209375 0.360417 0.207813 0.362500 0.207813 0.364583 0.206250 0.366667 0.206250 0.383333 0.207813 0.385417 0.207813 0.389583 0.209375 0.391667 0.209375 0.395833 0.210938 0.397917 0.210938 0.400000 0.212500 0.402083 0.212500 0.404167 0.214062 0.406250 0.214062 0.410417 0.215625 0.412500 0.215625 0.414583 0.217188 0.416667 0.217188 0.418750 0.218750 0.420833 0.218750 0.422917 0.220312 0.425000 0.220312 0.429167 0.221875 0.431250 0.221875 0.433333 0.223438 0.435417 0.223438 0.437500 0.225000 0.439583 0.225000 0.443750 0.226562 0.445833 0.226562 0.447917 0.228125 0.450000 0.228125 0.454167 0.229687 0.456250 0.229687 0.460417 0.231250 0.462500 0.231250 0.464583 0.232813 0.466667 0.232813 0.468750 0.234375 0.470833 0.234375 0.475000 0.235937 0.477083 0.235937 0.479167 0.237500 0.481250 0.237500 0.483333 0.239063 0.485417 0.239063 0.489583 0.240625 0.491667 0.240625 0.493750 0.242188 0.495833 0.242188 0.497917 0.243750 0.500000 0.243750 0.502083 0.245312 0.504167 0.245312 0.506250 0.248438 0.510417 0.248438 0.512500 0.250000 0.514583 0.250000 0.516667 0.251563 0.518750 0.251563 0.520833 0.254688 0.525000 0.254688 0.527083 0.257812 0.527083 0.257812 0.466667 0.259375 0.464583 0.259375 0.462500 0.264062 0.456250 0.281250 0.456250 0.282813 0.454167 0.314063 0.454167 0.315625 0.452083 0.315625 0.450000 0.317188 0.447917 0.317188 0.443750 0.318750 0.441667 0.318750 0.437500 0.320312 0.435417 0.320312 0.429167 0.321875 0.427083 0.321875 0.420833 0.323437 0.418750 0.323437 0.393750 0.321875 0.391667 0.321875 0.387500 0.320312 0.385417 0.320312 0.379167 0.318750 0.377083 0.318750 0.368750 0.320312 0.366667 0.320312 0.358333 0.321875 0.356250 0.321875 0.350000 0.323437 0.347917 0.323437 0.339583 0.321875 0.337500 0.321875 0.322917 0.323437 0.320833 0.323437 0.318750 0.325000 0.316667 0.325000 0.312500 0.326562 0.310417 0.326562 0.308333 0.329688 0.304167 0.329688 0.302083 0.331250 0.300000 0.331250 0.297917 0.332813 0.295833 0.332813 0.293750 0.334375 0.291667 0.334375 0.287500 0.339062 0.281250 0.351562 0.281250 0.353125 0.283333 0.356250 0.283333 0.357812 0.285417 0.359375 0.285417 0.360938 0.287500 0.362500 0.287500 0.364063 0.289583 0.368750 0.289583 0.370312 0.291667 0.378125 0.291667 0.379688 0.293750 0.390625 0.293750 0.392188 0.295833 0.396875 0.295833 0.398438 0.297917 0.401562 0.297917 0.403125 0.300000 0.404687 0.300000 0.407813 0.304167 0.412500 0.304167 0.414062 0.306250 0.418750 0.306250 0.420312 0.308333 0.450000 0.308333 0.451562 0.310417 0.454688 0.310417 0.459375 0.316667 0.459375 0.327083 0.456250 0.331250 0.456250 0.333333 0.454688 0.335417 0.454688 0.337500 0.451562 0.341667 0.451562 0.343750 0.448437 0.347917 0.448437 0.350000 0.446875 0.352083 0.446875 0.356250 0.445312 0.358333 0.445312 0.362500 0.443750 0.364583 0.443750 0.395833 0.442188 0.397917 0.442188 0.406250 0.443750 0.408333 0.443750 0.422917 0.445312 0.425000 0.445312 0.437500 0.443750 0.439583 0.443750 0.441667 0.442188 0.443750 0.442188 0.445833 0.431250 0.460417 0.431250 0.462500 0.428125 0.466667 0.428125 0.468750 0.426563 0.470833 0.426563 0.472917 0.425000 0.475000 0.425000 0.477083 0.423438 0.479167 0.423438 0.485417 0.421875 0.487500 0.421875 0.489583 0.420312 0.491667 0.420312 0.500000 0.418750 0.502083 0.418750 0.508333 0.417187 0.510417 0.417187 0.516667 0.412500 0.522917 0.410938 0.522917 0.400000 0.537500 0.398438 0.537500 0.385937 0.554167 0.384375 0.554167 0.378125 0.562500 0.376563 0.562500 0.370312 0.570833 0.368750 0.570833 0.353125 0.591667 0.351562 0.591667 0.350000 0.593750 0.343750 0.593750 0.340625 0.589583 0.340625 0.587500 0.339062 0.587500 0.335938 0.583333 0.334375 0.583333 0.332813 0.585417 0.332813 0.593750 0.334375 0.595833 0.334375 0.597917 0.335938 0.600000 0.337500 0.600000 0.339062 0.602083 0.343750 0.602083 0.345313 0.604167 0.356250 0.604167 0.357812 0.606250 0.359375 0.606250 0.362500 0.610417 0.362500 0.629167 0.360938 0.631250 0.360938 0.637500 0.359375 0.639583 0.359375 0.643750 0.357812 0.645833 0.357812 0.650000 0.356250 0.652083 0.356250 0.654167 0.353125 0.658333 0.353125 0.660417 0.350000 0.664583 0.350000 0.666667 0.346875 0.670833 0.346875 0.672917 0.345313 0.675000 0.343750 0.675000 0.343750 0.677083 0.342187 0.679167 0.342187 0.681250 0.340625 0.683333 0.340625 0.685417 0.339062 0.687500 0.339062 0.689583 0.337500 0.691667 0.337500 0.693750 0.335938 0.695833 0.335938 0.700000 0.334375 0.702083 0.334375 0.704167 0.337500 0.708333 0.339062 0.708333 0.340625 0.710417 0.345313 0.710417 0.346875 0.708333 0.348438 0.708333 0.350000 0.706250 0.351562 0.706250 0.365625 0.687500 0.367188 0.687500 0.371875 0.681250 0.371875 0.679167 0.375000 0.675000 0.375000 0.672917 0.382812 0.662500 0.382812 0.660417 0.387500 0.654167 0.387500 0.652083 0.392188 0.645833 0.392188 0.643750 0.395313 0.639583 0.395313 0.637500 0.398438 0.633333 0.398438 0.631250 0.404687 0.622917 0.404687 0.620833 0.406250 0.618750 0.406250 0.616667 0.409375 0.612500 0.409375 0.610417 0.412500 0.606250 0.412500 0.604167 0.414062 0.602083 0.414062 0.600000 0.415625 0.597917 0.415625 0.595833 0.417187 0.593750 0.417187 0.591667 0.420312 0.587500 0.420312 0.585417 0.426563 0.577083 0.426563 0.575000 0.434375 0.564583 0.435937 0.564583 0.439063 0.560417 0.442188 0.560417 0.443750 0.558333 0.445312 0.558333 0.446875 0.556250 0.450000 0.556250 0.453125 0.552083 0.454688 0.552083 0.457813 0.547917 0.459375 0.547917 0.464062 0.541667 0.465625 0.541667 0.471875 0.533333 0.473438 0.533333 0.489063 0.512500 0.489063 0.510417 0.498437 0.497917 0.500000 0.497917 0.500000 0.495833 0.510938 0.481250 0.510938 0.479167 0.515625 0.472917 0.515625 0.470833 0.523438 0.460417 0.523438 0.458333 0.529687 0.450000 0.529687 0.447917 0.534375 0.441667 0.534375 0.439583 0.539062 0.433333 0.539062 0.431250 0.542188 0.427083 0.542188 0.425000 0.543750 0.422917 0.543750 0.420833 0.545312 0.418750 0.545312 0.414583 0.546875 0.412500 0.546875 0.406250 0.548438 0.404167 0.548438 0.372917 0.550000 0.370833 0.550000 0.354167 0.551562 0.352083 0.551562 0.337500 0.553125 0.335417 0.553125 0.312500 0.554688 0.310417 0.554688 0.304167 0.556250 0.302083 0.556250 0.291667 0.557813 0.289583 0.557813 0.237500 0.556250 0.235417 0.556250 0.222917 0.554688 0.220833 0.554688 0.218750 0.553125 0.216667 0.553125 0.214583 0.551562 0.212500 0.551562 0.206250 0.548438 0.202083 0.548438 0.200000 0.546875 0.197917 0.546875 0.189583 0.545312 0.187500 0.545312 0.175000 0.543750 0.172917 0.543750 0.156250 0.542188 0.154167 0.542188 0.141667 0.540625 0.139583 0.540625 0.131250 0.539062 0.129167 0.539062 0.120833 0.537500 0.118750 0.537500 0.114583 0.535937 0.112500 0.535937 0.106250 0.534375 0.104167 0.534375 0.060417 0.532813 0.058333 0.532813 0.050000 0.531250 0.047917 0.531250 0.041667 0.529687 0.039583 0.529687 0.035417 0.528125 0.033333 0.528125 0.029167 0.526563 0.027083 0.526563 0.025000 0.523438 0.020833 0.523438 0.018750 0.521875 0.016667 0.521875 0.014583 0.517188 0.008333 0.517188 0.006250 0.512500 0.000000
1 0.356250 0.612500 0.354687 0.614583 0.353125 0.614583 0.351562 0.616667 0.346875 0.616667 0.345313 0.618750 0.343750 0.618750 0.342187 0.620833 0.340625 0.620833 0.337500 0.625000 0.337500 0.650000 0.339062 0.652083 0.339062 0.654167 0.340625 0.656250 0.340625 0.662500 0.342187 0.664583 0.343750 0.662500 0.345313 0.662500 0.348438 0.658333 0.348438 0.654167 0.350000 0.652083 0.350000 0.650000 0.353125 0.645833 0.353125 0.643750 0.354687 0.641667 0.354687 0.635417 0.356250 0.633333 0.356250 0.622917 0.357812 0.620833 0.356250 0.618750
1 0.375000 0.506250 0.373437 0.508333 0.343750 0.508333 0.342187 0.510417 0.328125 0.510417 0.326562 0.512500 0.325000 0.512500 0.323437 0.514583 0.323437 0.527083 0.325000 0.529167 0.325000 0.543750 0.326562 0.545833 0.326562 0.552083 0.328125 0.554167 0.328125 0.558333 0.329688 0.560417 0.329688 0.562500 0.340625 0.577083 0.342187 0.577083 0.343750 0.579167 0.351562 0.579167 0.356250 0.572917 0.359375 0.572917 0.362500 0.568750 0.364063 0.568750 0.367188 0.564583 0.368750 0.564583 0.371875 0.560417 0.373437 0.560417 0.382812 0.547917 0.384375 0.547917 0.384375 0.545833 0.385937 0.543750 0.387500 0.543750 0.392188 0.537500 0.393750 0.537500 0.406250 0.520833 0.406250 0.516667 0.409375 0.512500 0.409375 0.508333 0.407813 0.506250
1 0.875000 0.458333 0.873437 0.460417 0.851562 0.460417 0.850000 0.462500 0.825000 0.462500 0.823438 0.464583 0.807813 0.464583 0.806250 0.466667 0.782813 0.466667 0.781250 0.468750 0.757812 0.468750 0.756250 0.470833 0.743750 0.470833 0.742188 0.472917 0.725000 0.472917 0.723437 0.475000 0.695312 0.475000 0.693750 0.477083 0.678125 0.477083 0.676562 0.479167 0.654687 0.479167 0.653125 0.481250 0.635938 0.481250 0.634375 0.483333 0.629687 0.483333 0.628125 0.485417 0.628125 0.491667 0.626563 0.493750 0.626563 0.500000 0.623437 0.504167 0.623437 0.506250 0.621875 0.508333 0.621875 0.512500 0.618750 0.516667 0.618750 0.518750 0.617188 0.520833 0.617188 0.522917 0.615625 0.525000 0.615625 0.527083 0.612500 0.531250 0.612500 0.533333 0.609375 0.537500 0.609375 0.539583 0.606250 0.543750 0.604688 0.543750 0.603125 0.545833 0.601562 0.545833 0.596875 0.539583 0.596875 0.535417 0.598437 0.533333 0.598437 0.531250 0.600000 0.529167 0.600000 0.527083 0.601562 0.525000 0.601562 0.520833 0.607812 0.512500 0.606250 0.510417 0.604688 0.510417 0.603125 0.508333 0.600000 0.508333 0.598437 0.506250 0.596875 0.506250 0.593750 0.502083 0.593750 0.497917 0.592187 0.495833 0.592187 0.489583 0.590625 0.487500 0.567187 0.487500 0.565625 0.489583 0.548438 0.489583 0.546875 0.491667 0.523438 0.491667 0.521875 0.493750 0.510938 0.493750 0.509375 0.495833 0.507812 0.495833 0.500000 0.506250 0.500000 0.508333 0.490625 0.520833 0.490625 0.522917 0.489063 0.525000 0.487500 0.525000 0.485938 0.527083 0.485938 0.529167 0.484375 0.531250 0.482812 0.531250 0.468750 0.550000 0.467187 0.550000 0.462500 0.556250 0.460938 0.556250 0.453125 0.566667 0.450000 0.566667 0.448437 0.568750 0.446875 0.568750 0.445312 0.570833 0.439063 0.570833 0.434375 0.577083 0.432812 0.577083 0.431250 0.579167 0.429688 0.579167 0.428125 0.581250 0.428125 0.583333 0.423438 0.589583 0.423438 0.593750 0.418750 0.600000 0.418750 0.602083 0.417187 0.604167 0.417187 0.606250 0.414062 0.610417 0.414062 0.612500 0.412500 0.614583 0.412500 0.616667 0.409375 0.620833 0.409375 0.622917 0.407813 0.625000 0.407813 0.627083 0.401562 0.635417 0.401562 0.637500 0.398438 0.641667 0.398438 0.643750 0.393750 0.650000 0.393750 0.652083 0.392188 0.654167 0.392188 0.656250 0.384375 0.666667 0.384375 0.668750 0.378125 0.677083 0.378125 0.679167 0.354687 0.710417 0.353125 0.710417 0.345313 0.720833 0.345313 0.731250 0.340625 0.737500 0.339062 0.737500 0.337500 0.739583 0.328125 0.739583 0.326562 0.741667 0.318750 0.741667 0.320312 0.741667 0.321875 0.743750 0.323437 0.741667 0.326562 0.741667 0.328125 0.739583 0.339062 0.739583 0.340625 0.741667 0.354687 0.741667 0.356250 0.739583 0.368750 0.739583 0.370312 0.737500 0.387500 0.737500 0.389062 0.735417 0.406250 0.735417 0.407813 0.733333 0.425000 0.733333 0.426563 0.731250 0.448437 0.731250 0.450000 0.729167 0.465625 0.729167 0.467187 0.727083 0.473438 0.727083 0.475000 0.725000 0.492188 0.725000 0.493750 0.722917 0.512500 0.722917 0.514062 0.720833 0.532813 0.720833 0.534375 0.718750 0.554688 0.718750 0.556250 0.716667 0.568750 0.716667 0.570312 0.714583 0.589063 0.714583 0.590625 0.712500 0.603125 0.712500 0.604688 0.710417 0.621875 0.710417 0.623437 0.708333 0.639062 0.708333 0.640625 0.706250 0.657813 0.706250 0.659375 0.704167 0.671875 0.704167 0.673438 0.702083 0.693750 0.702083 0.695312 0.700000 0.709375 0.700000 0.710938 0.697917 0.729688 0.697917 0.731250 0.695833 0.745313 0.695833 0.746875 0.693750 0.767188 0.693750 0.768750 0.691667 0.785937 0.691667 0.787500 0.689583 0.803125 0.689583 0.804688 0.687500 0.825000 0.687500 0.826562 0.685417 0.842187 0.685417 0.843750 0.683333 0.860938 0.683333 0.862500 0.681250 0.878125 0.681250 0.879687 0.679167 0.895312 0.679167 0.896875 0.677083 0.910937 0.677083 0.912500 0.675000 0.920312 0.675000 0.921875 0.672917 0.931250 0.672917 0.932813 0.670833 0.935937 0.670833 0.935937 0.668750 0.937500 0.666667 0.937500 0.664583 0.935937 0.662500 0.935937 0.656250 0.937500 0.654167 0.939063 0.654167 0.940625 0.652083 0.940625 0.650000 0.937500 0.645833 0.939063 0.643750 0.939063 0.633333 0.937500 0.631250 0.937500 0.627083 0.935937 0.625000 0.935937 0.616667 0.934375 0.614583 0.934375 0.610417 0.932813 0.608333 0.932813 0.604167 0.931250 0.602083 0.931250 0.600000 0.929688 0.597917 0.929688 0.589583 0.928125 0.587500 0.928125 0.583333 0.926562 0.581250 0.926562 0.577083 0.925000 0.575000 0.925000 0.568750 0.923438 0.566667 0.923438 0.564583 0.921875 0.562500 0.921875 0.556250 0.920312 0.554167 0.920312 0.547917 0.918750 0.545833 0.918750 0.543750 0.917188 0.541667 0.917188 0.535417 0.915625 0.533333 0.915625 0.529167 0.914062 0.527083 0.914062 0.522917 0.912500 0.520833 0.912500 0.514583 0.910937 0.512500 0.910937 0.508333 0.909375 0.506250 0.909375 0.502083 0.907813 0.500000 0.907813 0.495833 0.906250 0.493750 0.906250 0.487500 0.904687 0.485417 0.904687 0.481250 0.903125 0.479167 0.903125 0.475000 0.901563 0.472917 0.901563 0.470833 0.900000 0.468750 0.900000 0.462500 0.896875 0.458333
2 0.098437 0.789583 0.096875 0.791667 0.095312 0.791667 0.093750 0.793750 0.093750 0.795833 0.092188 0.797917 0.092188 0.802083 0.090625 0.804167 0.090625 0.808333 0.089063 0.810417 0.089063 0.814583 0.085938 0.818750 0.084375 0.818750 0.082812 0.820833 0.079687 0.820833 0.078125 0.822917 0.076563 0.822917 0.071875 0.829167 0.071875 0.831250 0.070312 0.833333 0.070312 0.837500 0.068750 0.839583 0.068750 0.847917 0.067187 0.850000 0.067187 0.860417 0.065625 0.862500 0.065625 0.868750 0.064062 0.870833 0.064062 0.872917 0.065625 0.875000 0.065625 0.881250 0.064062 0.883333 0.064062 0.897917 0.062500 0.900000 0.062500 0.914583 0.060937 0.916667 0.060937 0.920833 0.062500 0.922917 0.060937 0.925000 0.060937 0.941667 0.059375 0.943750 0.059375 0.964583 0.057813 0.966667 0.057813 0.983333 0.056250 0.985417 0.056250 0.993750 0.057813 0.995833 0.057813 0.997917 0.120313 0.997917 0.120313 0.995833 0.121875 0.993750 0.121875 0.985417 0.123438 0.983333 0.123438 0.954167 0.125000 0.952083 0.125000 0.937500 0.126562 0.935417 0.126562 0.914583 0.128125 0.912500 0.128125 0.897917 0.129688 0.895833 0.129688 0.881250 0.131250 0.879167 0.131250 0.866667 0.132812 0.864583 0.132812 0.843750 0.120313 0.827083 0.118750 0.827083 0.114062 0.820833 0.114062 0.814583 0.112500 0.812500 0.112500 0.810417 0.110937 0.808333 0.110937 0.804167 0.109375 0.802083 0.109375 0.800000 0.107813 0.797917 0.107813 0.795833 0.103125 0.789583
2 0.198437 0.800000 0.196875 0.802083 0.189062 0.802083 0.185938 0.806250 0.185938 0.814583 0.184375 0.816667 0.184375 0.835417 0.182812 0.837500 0.182812 0.858333 0.181250 0.860417 0.181250 0.877083 0.179688 0.879167 0.179688 0.897917 0.178125 0.900000 0.178125 0.929167 0.176563 0.931250 0.176563 0.960417 0.175000 0.962500 0.175000 0.983333 0.173437 0.985417 0.173437 0.995833 0.175000 0.997917 0.221875 0.997917 0.225000 0.993750 0.225000 0.989583 0.226562 0.987500 0.226562 0.935417 0.228125 0.933333 0.228125 0.929167 0.226562 0.927083 0.226562 0.918750 0.228125 0.916667 0.228125 0.889583 0.229687 0.887500 0.229687 0.852083 0.231250 0.850000 0.231250 0.845833 0.229687 0.843750 0.231250 0.841667 0.231250 0.812500 0.229687 0.810417 0.229687 0.808333 0.225000 0.802083 0.218750 0.802083 0.217188 0.800000
2 0.295312 0.802083 0.293750 0.804167 0.275000 0.804167 0.273438 0.806250 0.271875 0.806250 0.270313 0.808333 0.270313 0.810417 0.268750 0.812500 0.268750 0.825000 0.267188 0.827083 0.267188 0.995833 0.268750 0.997917 0.309375 0.997917 0.309375 0.985417 0.310937 0.983333 0.310937 0.860417 0.312500 0.858333 0.312500 0.843750 0.310937 0.841667 0.310937 0.810417 0.309375 0.808333 0.309375 0.806250 0.307812 0.806250 0.306250 0.804167 0.301563 0.804167 0.300000 0.802083
2 0.295312 0.456250 0.293750 0.458333 0.268750 0.458333 0.267188 0.460417 0.262500 0.460417 0.260937 0.462500 0.260937 0.468750 0.259375 0.470833 0.259375 0.512500 0.260937 0.514583 0.260937 0.531250 0.262500 0.533333 0.262500 0.537500 0.264062 0.539583 0.264062 0.543750 0.265625 0.545833 0.265625 0.547917 0.267188 0.550000 0.267188 0.554167 0.268750 0.556250 0.268750 0.558333 0.270313 0.560417 0.270313 0.564583 0.271875 0.566667 0.271875 0.570833 0.273438 0.572917 0.273438 0.577083 0.275000 0.579167 0.275000 0.585417 0.276562 0.587500 0.276562 0.593750 0.278125 0.595833 0.278125 0.602083 0.279687 0.604167 0.279687 0.610417 0.281250 0.612500 0.281250 0.616667 0.282813 0.618750 0.282813 0.627083 0.284375 0.629167 0.284375 0.633333 0.285938 0.635417 0.285938 0.639583 0.287500 0.641667 0.287500 0.645833 0.289062 0.647917 0.289062 0.654167 0.290625 0.656250 0.290625 0.658333 0.292187 0.660417 0.292187 0.664583 0.293750 0.666667 0.293750 0.677083 0.295312 0.679167 0.295312 0.685417 0.296875 0.687500 0.296875 0.695833 0.298438 0.697917 0.298438 0.704167 0.300000 0.706250 0.300000 0.712500 0.301563 0.714583 0.301563 0.720833 0.303125 0.722917 0.303125 0.727083 0.304688 0.729167 0.304688 0.731250 0.306250 0.733333 0.306250 0.735417 0.332813 0.735417 0.334375 0.733333 0.340625 0.733333 0.342187 0.731250 0.342187 0.718750 0.340625 0.716667 0.340625 0.714583 0.339062 0.714583 0.337500 0.712500 0.335938 0.712500 0.332813 0.708333 0.332813 0.706250 0.331250 0.704167 0.332813 0.702083 0.332813 0.697917 0.334375 0.695833 0.334375 0.691667 0.335938 0.689583 0.335938 0.685417 0.337500 0.683333 0.337500 0.672917 0.335938 0.670833 0.335938 0.660417 0.334375 0.658333 0.334375 0.647917 0.332813 0.645833 0.332813 0.635417 0.331250 0.633333 0.331250 0.622917 0.329688 0.620833 0.331250 0.618750 0.331250 0.608333 0.329688 0.608333 0.328125 0.606250 0.328125 0.597917 0.326562 0.595833 0.326562 0.587500 0.325000 0.585417 0.325000 0.572917 0.323437 0.570833 0.323437 0.558333 0.321875 0.556250 0.321875 0.547917 0.320312 0.545833 0.320312 0.535417 0.318750 0.533333 0.318750 0.527083 0.317188 0.525000 0.317188 0.516667 0.315625 0.514583 0.315625 0.512500 0.314063 0.510417 0.314063 0.493750 0.312500 0.491667 0.312500 0.483333 0.314063 0.481250 0.312500 0.479167 0.312500 0.460417 0.309375 0.456250
3 0.464062 0.785417 0.462500 0.787500 0.462500 0.789583 0.460938 0.791667 0.460938 0.800000 0.462500 0.802083 0.462500 0.812500 0.464062 0.814583 0.464062 0.820833 0.465625 0.822917 0.465625 0.831250 0.467187 0.833333 0.467187 0.839583 0.468750 0.841667 0.468750 0.845833 0.470313 0.847917 0.470313 0.852083 0.471875 0.854167 0.471875 0.860417 0.473438 0.862500 0.473438 0.864583 0.475000 0.866667 0.475000 0.868750 0.476562 0.870833 0.476562 0.872917 0.478125 0.875000 0.478125 0.877083 0.479687 0.879167 0.479687 0.885417 0.481250 0.887500 0.481250 0.889583 0.482812 0.891667 0.482812 0.895833 0.484375 0.897917 0.484375 0.902083 0.485938 0.904167 0.485938 0.906250 0.489063 0.906250 0.495312 0.914583 0.495312 0.916667 0.496875 0.918750 0.496875 0.922917 0.498437 0.925000 0.498437 0.929167 0.500000 0.931250 0.500000 0.935417 0.501563 0.937500 0.501563 0.943750 0.503125 0.945833 0.503125 0.950000 0.504687 0.952083 0.504687 0.954167 0.506250 0.956250 0.506250 0.962500 0.507812 0.964583 0.507812 0.966667 0.509375 0.968750 0.509375 0.972917 0.510938 0.975000 0.510938 0.979167 0.512500 0.981250 0.512500 0.987500 0.514062 0.989583 0.514062 0.993750 0.515625 0.995833 0.515625 0.997917 0.523438 0.997917 0.523438 0.991667 0.521875 0.989583 0.521875 0.983333 0.520312 0.981250 0.520312 0.977083 0.518750 0.975000 0.518750 0.970833 0.517188 0.968750 0.517188 0.966667 0.515625 0.964583 0.515625 0.962500 0.514062 0.960417 0.514062 0.954167 0.512500 0.952083 0.512500 0.947917 0.510938 0.945833 0.510938 0.939583 0.509375 0.937500 0.509375 0.935417 0.507812 0.933333 0.507812 0.929167 0.506250 0.927083 0.506250 0.916667 0.504687 0.914583 0.504687 0.912500 0.503125 0.910417 0.503125 0.889583 0.501563 0.887500 0.501563 0.881250 0.500000 0.879167 0.500000 0.877083 0.498437 0.875000 0.498437 0.870833 0.496875 0.868750 0.496875 0.864583 0.495312 0.862500 0.495312 0.858333 0.493750 0.856250 0.493750 0.850000 0.492188 0.847917 0.492188 0.843750 0.490625 0.841667 0.490625 0.837500 0.489063 0.835417 0.489063 0.833333 0.487500 0.831250 0.487500 0.827083 0.485938 0.825000 0.485938 0.820833 0.484375 0.818750 0.484375 0.814583 0.482812 0.812500 0.482812 0.810417 0.481250 0.808333 0.481250 0.804167 0.479687 0.802083 0.479687 0.800000 0.478125 0.797917 0.478125 0.795833 0.476562 0.793750 0.476562 0.791667 0.471875 0.785417
4 0.806250 0.766667 0.804688 0.768750 0.800000 0.768750 0.798438 0.770833 0.792188 0.770833 0.790625 0.772917 0.771875 0.772917 0.770312 0.775000 0.740625 0.775000 0.739062 0.777083 0.714063 0.777083 0.712500 0.779167 0.681250 0.779167 0.679688 0.781250 0.653125 0.781250 0.651563 0.783333 0.631250 0.783333 0.629687 0.785417 0.614062 0.785417 0.612500 0.783333 0.610938 0.783333 0.603125 0.772917 0.600000 0.772917 0.598437 0.770833 0.595313 0.770833 0.593750 0.772917 0.590625 0.772917 0.584375 0.781250 0.584375 0.783333 0.582812 0.785417 0.582812 0.795833 0.587500 0.802083 0.589063 0.802083 0.590625 0.804167 0.600000 0.804167 0.601562 0.802083 0.606250 0.802083 0.607812 0.800000 0.614062 0.800000 0.615625 0.797917 0.653125 0.797917 0.654687 0.795833 0.681250 0.795833 0.682813 0.793750 0.723437 0.793750 0.725000 0.791667 0.765625 0.791667 0.767188 0.789583 0.778125 0.789583 0.779687 0.791667 0.793750 0.791667 0.795312 0.793750 0.798438 0.793750 0.801562 0.797917 0.807813 0.797917 0.809375 0.800000 0.810937 0.797917 0.817187 0.797917 0.818750 0.795833 0.820312 0.795833 0.821875 0.793750 0.821875 0.791667 0.823438 0.789583 0.823438 0.781250 0.821875 0.779167 0.821875 0.777083 0.815625 0.768750 0.810937 0.768750 0.809375 0.766667