0 0.753125 0.000000 0.748437 0.006250 0.746875 0.006250 0.746875 0.008333 0.745313 0.010417 0.743750 0.010417 0.743750 0.012500 0.742188 0.014583 0.740625 0.014583 0.735938 0.020833 0.734375 0.020833 0.731250 0.025000 0.729688 0.025000 0.728125 0.027083 0.726562 0.027083 0.721875 0.033333 0.720313 0.033333 0.714063 0.041667 0.714063 0.043750 0.710938 0.047917 0.710938 0.050000 0.707812 0.054167 0.707812 0.056250 0.706250 0.058333 0.706250 0.060417 0.704688 0.062500 0.704688 0.070833 0.703125 0.072917 0.703125 0.075000 0.701562 0.077083 0.701562 0.079167 0.696875 0.085417 0.696875 0.087500 0.690625 0.095833 0.690625 0.097917 0.685937 0.104167 0.685937 0.106250 0.678125 0.116667 0.678125 0.118750 0.673438 0.125000 0.673438 0.127083 0.667188 0.135417 0.667188 0.137500 0.656250 0.152083 0.656250 0.154167 0.632812 0.185417 0.632812 0.187500 0.623437 0.200000 0.623437 0.202083 0.617188 0.210417 0.617188 0.212500 0.612500 0.218750 0.610938 0.218750 0.610938 0.220833 0.607812 0.225000 0.607812 0.227083 0.601562 0.235417 0.601562 0.237500 0.600000 0.239583 0.600000 0.241667 0.595313 0.247917 0.595313 0.250000 0.592187 0.254167 0.592187 0.256250 0.589063 0.260417 0.589063 0.262500 0.587500 0.264583 0.587500 0.266667 0.585938 0.268750 0.585938 0.270833 0.584375 0.272917 0.584375 0.277083 0.581250 0.281250 0.581250 0.287500 0.582812 0.289583 0.582812 0.291667 0.584375 0.293750 0.587500 0.293750 0.589063 0.295833 0.592187 0.295833 0.593750 0.297917 0.596875 0.297917 0.598437 0.300000 0.600000 0.300000 0.601562 0.302083 0.609375 0.302083 0.610938 0.304167 0.625000 0.304167 0.626563 0.306250 0.646875 0.306250 0.648438 0.308333 0.664062 0.308333 0.665625 0.310417 0.668750 0.310417 0.673438 0.316667 0.673438 0.318750 0.675000 0.320833 0.675000 0.339583 0.676562 0.341667 0.676562 0.356250 0.678125 0.358333 0.678125 0.370833 0.679688 0.372917 0.679688 0.379167 0.681250 0.381250 0.681250 0.387500 0.682813 0.389583 0.682813 0.395833 0.684375 0.397917 0.684375 0.402083 0.685937 0.404167 0.685937 0.408333 0.687500 0.410417 0.687500 0.412500 0.689063 0.414583 0.689063 0.416667 0.690625 0.418750 0.690625 0.420833 0.692187 0.422917 0.692187 0.425000 0.693750 0.427083 0.693750 0.429167 0.695312 0.431250 0.695312 0.433333 0.698438 0.437500 0.698438 0.439583 0.701562 0.443750 0.701562 0.445833 0.707812 0.454167 0.707812 0.456250 0.710938 0.460417 0.710938 0.462500 0.715625 0.468750 0.715625 0.470833 0.718750 0.475000 0.720313 0.475000 0.721875 0.477083 0.721875 0.479167 0.728125 0.487500 0.728125 0.489583 0.746875 0.514583 0.748437 0.514583 0.757812 0.527083 0.759375 0.527083 0.760938 0.529167 0.762500 0.529167 0.767188 0.535417 0.768750 0.535417 0.770312 0.537500 0.771875 0.537500 0.775000 0.541667 0.776563 0.541667 0.778125 0.543750 0.779687 0.543750 0.781250 0.545833 0.782813 0.545833 0.784375 0.547917 0.785937 0.547917 0.787500 0.550000 0.789062 0.550000 0.790625 0.552083 0.792188 0.552083 0.793750 0.554167 0.795312 0.554167 0.798438 0.558333 0.803125 0.558333 0.804688 0.560417 0.826562 0.560417 0.828125 0.558333 0.831250 0.558333 0.832812 0.556250 0.835938 0.556250 0.837500 0.554167 0.850000 0.554167 0.851562 0.556250 0.853125 0.556250 0.854688 0.558333 0.856250 0.558333 0.857812 0.560417 0.859375 0.560417 0.860938 0.562500 0.864062 0.562500 0.867188 0.566667 0.868750 0.566667 0.870313 0.568750 0.871875 0.568750 0.875000 0.572917 0.875000 0.575000 0.876563 0.575000 0.898438 0.604167 0.900000 0.604167 0.901563 0.606250 0.901563 0.608333 0.903125 0.608333 0.915625 0.625000 0.915625 0.627083 0.928125 0.643750 0.929688 0.643750 0.931250 0.645833 0.932813 0.645833 0.934375 0.647917 0.939063 0.647917 0.940625 0.650000 0.953125 0.650000 0.954688 0.647917 0.957812 0.647917 0.959375 0.645833 0.960938 0.645833 0.962500 0.643750 0.964063 0.643750 0.965625 0.641667 0.967187 0.641667 0.970313 0.637500 0.973437 0.637500 0.975000 0.635417 0.976562 0.635417 0.976562 0.633333 0.978125 0.631250 0.978125 0.627083 0.976562 0.625000 0.976562 0.622917 0.978125 0.620833 0.979688 0.622917 0.981250 0.622917 0.982812 0.620833 0.992188 0.620833 0.993750 0.622917 0.995313 0.620833 0.998437 0.620833 0.998437 0.608333 0.996875 0.608333 0.993750 0.604167 0.990625 0.604167 0.989062 0.602083 0.987500 0.602083 0.984375 0.597917 0.981250 0.597917 0.976562 0.591667 0.975000 0.591667 0.971875 0.587500 0.970313 0.587500 0.965625 0.581250 0.964063 0.581250 0.962500 0.579167 0.962500 0.577083 0.956250 0.568750 0.956250 0.562500 0.957812 0.560417 0.957812 0.558333 0.962500 0.552083 0.964063 0.552083 0.968750 0.545833 0.970313 0.545833 0.979688 0.533333 0.979688 0.531250 0.982812 0.527083 0.982812 0.525000 0.984375 0.522917 0.984375 0.516667 0.981250 0.516667 0.970313 0.502083 0.970313 0.495833 0.968750 0.493750 0.968750 0.477083 0.967187 0.475000 0.967187 0.462500 0.968750 0.460417 0.968750 0.441667 0.970313 0.439583 0.970313 0.431250 0.971875 0.429167 0.971875 0.420833 0.973437 0.418750 0.973437 0.404167 0.975000 0.402083 0.975000 0.385417 0.976562 0.383333 0.976562 0.356250 0.978125 0.354167 0.978125 0.347917 0.976562 0.345833 0.976562 0.331250 0.975000 0.329167 0.975000 0.327083 0.973437 0.325000 0.973437 0.320833 0.971875 0.318750 0.971875 0.314583 0.970313 0.312500 0.970313 0.308333 0.968750 0.306250 0.968750 0.297917 0.970313 0.295833 0.970313 0.293750 0.973437 0.289583 0.973437 0.287500 0.975000 0.285417 0.975000 0.283333 0.976562 0.281250 0.976562 0.277083 0.978125 0.275000 0.978125 0.268750 0.979688 0.266667 0.979688 0.235417 0.978125 0.233333 0.978125 0.231250 0.976562 0.229167 0.976562 0.220833 0.973437 0.216667 0.973437 0.208333 0.971875 0.206250 0.971875 0.200000 0.970313 0.197917 0.970313 0.191667 0.968750 0.189583 0.968750 0.168750 0.967187 0.166667 0.967187 0.164583 0.968750 0.162500 0.968750 0.118750 0.967187 0.116667 0.967187 0.106250 0.965625 0.104167 0.965625 0.095833 0.967187 0.093750 0.967187 0.091667 0.968750 0.089583 0.968750 0.085417 0.975000 0.077083 0.976562 0.077083 0.982812 0.068750 0.984375 0.068750 0.987500 0.064583 0.987500 0.058333 0.989062 0.056250 0.989062 0.045833 0.987500 0.043750 0.989062 0.041667 0.989062 0.029167 0.990625 0.027083 0.990625 0.025000 0.992188 0.022917 0.992188 0.020833 0.993750 0.018750 0.993750 0.016667 0.995313 0.014583 0.995313 0.010417 0.998437 0.006250 0.998437 0.000000
1 0.681250 0.477083 0.679688 0.479167 0.656250 0.479167 0.654687 0.481250 0.635938 0.481250 0.634375 0.483333 0.629687 0.483333 0.628125 0.485417 0.628125 0.491667 0.626563 0.493750 0.626563 0.497917 0.625000 0.500000 0.625000 0.502083 0.623437 0.504167 0.623437 0.506250 0.621875 0.508333 0.621875 0.510417 0.620313 0.512500 0.620313 0.514583 0.617188 0.518750 0.617188 0.520833 0.615625 0.522917 0.615625 0.525000 0.614062 0.527083 0.614062 0.529167 0.610938 0.533333 0.610938 0.535417 0.607812 0.539583 0.607812 0.541667 0.606250 0.543750 0.604688 0.543750 0.603125 0.545833 0.601562 0.545833 0.596875 0.539583 0.596875 0.533333 0.600000 0.529167 0.600000 0.527083 0.601562 0.525000 0.601562 0.522917 0.603125 0.520833 0.603125 0.518750 0.604688 0.516667 0.604688 0.514583 0.606250 0.512500 0.606250 0.510417 0.604688 0.508333 0.601562 0.508333 0.600000 0.506250 0.598437 0.506250 0.593750 0.500000 0.593750 0.495833 0.592187 0.493750 0.592187 0.489583 0.590625 0.487500 0.567187 0.487500 0.565625 0.489583 0.542188 0.489583 0.540625 0.491667 0.515625 0.491667 0.514062 0.493750 0.492188 0.493750 0.490625 0.495833 0.470313 0.495833 0.468750 0.497917 0.451562 0.497917 0.450000 0.500000 0.431250 0.500000 0.429688 0.502083 0.406250 0.502083 0.404687 0.504167 0.389062 0.504167 0.387500 0.506250 0.360938 0.506250 0.359375 0.508333 0.335938 0.508333 0.334375 0.510417 0.328125 0.510417 0.326562 0.512500 0.326562 0.529167 0.328125 0.531250 0.328125 0.547917 0.329688 0.550000 0.329688 0.566667 0.331250 0.568750 0.331250 0.577083 0.332813 0.579167 0.332813 0.589583 0.334375 0.591667 0.334375 0.595833 0.335938 0.595833 0.337500 0.597917 0.340625 0.597917 0.342187 0.600000 0.343750 0.600000 0.346875 0.604167 0.346875 0.606250 0.348438 0.608333 0.348438 0.610417 0.343750 0.616667 0.340625 0.616667 0.339062 0.618750 0.337500 0.618750 0.337500 0.650000 0.339062 0.652083 0.339062 0.662500 0.340625 0.664583 0.340625 0.679167 0.342187 0.681250 0.342187 0.700000 0.343750 0.702083 0.343750 0.731250 0.340625 0.735417 0.339062 0.735417 0.337500 0.737500 0.329688 0.737500 0.328125 0.739583 0.309375 0.739583 0.307812 0.741667 0.307812 0.743750 0.309375 0.745833 0.323437 0.745833 0.325000 0.743750 0.331250 0.743750 0.332813 0.741667 0.334375 0.741667 0.335938 0.743750 0.337500 0.743750 0.339062 0.741667 0.357812 0.741667 0.359375 0.739583 0.370312 0.739583 0.371875 0.737500 0.392188 0.737500 0.393750 0.735417 0.409375 0.735417 0.410938 0.733333 0.426563 0.733333 0.428125 0.731250 0.448437 0.731250 0.450000 0.729167 0.462500 0.729167 0.464062 0.727083 0.473438 0.727083 0.475000 0.725000 0.493750 0.725000 0.495312 0.722917 0.514062 0.722917 0.515625 0.720833 0.531250 0.720833 0.532813 0.718750 0.554688 0.718750 0.556250 0.716667 0.568750 0.716667 0.570312 0.714583 0.590625 0.714583 0.592187 0.712500 0.604688 0.712500 0.606250 0.710417 0.623437 0.710417 0.625000 0.708333 0.639062 0.708333 0.640625 0.706250 0.659375 0.706250 0.660937 0.704167 0.675000 0.704167 0.676562 0.702083 0.695312 0.702083 0.696875 0.700000 0.712500 0.700000 0.714063 0.697917 0.729688 0.697917 0.731250 0.695833 0.748437 0.695833 0.750000 0.693750 0.765625 0.693750 0.767188 0.691667 0.787500 0.691667 0.789062 0.689583 0.804688 0.689583 0.806250 0.687500 0.825000 0.687500 0.826562 0.685417 0.842187 0.685417 0.843750 0.683333 0.860938 0.683333 0.862500 0.681250 0.876563 0.681250 0.878125 0.679167 0.895312 0.679167 0.896875 0.677083 0.912500 0.677083 0.914062 0.675000 0.925000 0.675000 0.926562 0.672917 0.931250 0.672917 0.929688 0.670833 0.929688 0.668750 0.925000 0.662500 0.923438 0.662500 0.918750 0.656250 0.917188 0.656250 0.912500 0.650000 0.912500 0.647917 0.910937 0.645833 0.910937 0.643750 0.909375 0.641667 0.909375 0.639583 0.907813 0.637500 0.909375 0.635417 0.909375 0.631250 0.907813 0.629167 0.907813 0.627083 0.898438 0.614583 0.898438 0.612500 0.871875 0.577083 0.867188 0.577083 0.862500 0.570833 0.860938 0.570833 0.859375 0.568750 0.857812 0.568750 0.856250 0.566667 0.853125 0.566667 0.851562 0.564583 0.837500 0.564583 0.835938 0.566667 0.831250 0.566667 0.829688 0.568750 0.823438 0.568750 0.821875 0.570833 0.814063 0.570833 0.812500 0.572917 0.801562 0.572917 0.796875 0.566667 0.795312 0.566667 0.793750 0.564583 0.792188 0.564583 0.790625 0.562500 0.787500 0.562500 0.782813 0.556250 0.781250 0.556250 0.779687 0.554167 0.778125 0.554167 0.776563 0.552083 0.775000 0.552083 0.771875 0.547917 0.770312 0.547917 0.768750 0.545833 0.767188 0.545833 0.764062 0.541667 0.762500 0.541667 0.757812 0.535417 0.756250 0.535417 0.750000 0.527083 0.748437 0.527083 0.726562 0.497917 0.726562 0.495833 0.717187 0.483333 0.717187 0.481250 0.715625 0.479167 0.714063 0.479167 0.712500 0.477083
1 0.876563 0.458333 0.875000 0.460417 0.860938 0.460417 0.859375 0.462500 0.854688 0.462500 0.854688 0.466667 0.857812 0.470833 0.857812 0.472917 0.860938 0.477083 0.860938 0.479167 0.868750 0.489583 0.868750 0.491667 0.873437 0.497917 0.875000 0.497917 0.878125 0.502083 0.878125 0.504167 0.884375 0.512500 0.889062 0.512500 0.890625 0.514583 0.892188 0.514583 0.896875 0.520833 0.901563 0.520833 0.903125 0.522917 0.909375 0.522917 0.910937 0.520833 0.910937 0.514583 0.909375 0.512500 0.909375 0.508333 0.907813 0.506250 0.907813 0.502083 0.906250 0.500000 0.906250 0.495833 0.904687 0.493750 0.904687 0.489583 0.903125 0.487500 0.903125 0.481250 0.901563 0.479167 0.901563 0.477083 0.900000 0.475000 0.900000 0.472917 0.898438 0.470833 0.898438 0.468750 0.893750 0.462500 0.892188 0.462500 0.890625 0.460417 0.885938 0.460417 0.884375 0.458333
2 0.915625 0.631250 0.912500 0.635417 0.912500 0.643750 0.921875 0.656250 0.923438 0.656250 0.928125 0.662500 0.929688 0.662500 0.931250 0.664583 0.932813 0.664583 0.935937 0.668750 0.942187 0.668750 0.945312 0.664583 0.946875 0.664583 0.946875 0.662500 0.948438 0.660417 0.950000 0.660417 0.950000 0.658333 0.954688 0.652083 0.954688 0.650000 0.953125 0.650000 0.951562 0.652083 0.950000 0.650000 0.939063 0.650000 0.937500 0.647917 0.932813 0.647917 0.931250 0.645833 0.929688 0.645833 0.928125 0.643750 0.926562 0.643750 0.918750 0.633333 0.917188 0.633333
2 0.962500 0.610417 0.962500 0.612500 0.968750 0.620833 0.973437 0.620833 0.973437 0.618750 0.970313 0.614583 0.968750 0.614583 0.967187 0.612500 0.967187 0.610417
2 0.998437 0.508333 0.995313 0.512500 0.993750 0.512500 0.992188 0.514583 0.992188 0.516667 0.984375 0.527083 0.984375 0.529167 0.979688 0.535417 0.979688 0.537500 0.973437 0.545833 0.971875 0.545833 0.971875 0.547917 0.970313 0.550000 0.968750 0.550000 0.967187 0.552083 0.965625 0.552083 0.960938 0.558333 0.960938 0.560417 0.959375 0.562500 0.959375 0.564583 0.957812 0.566667 0.959375 0.568750 0.959375 0.570833 0.968750 0.583333 0.970313 0.583333 0.973437 0.587500 0.975000 0.587500 0.978125 0.591667 0.979688 0.591667 0.981250 0.593750 0.982812 0.593750 0.987500 0.600000 0.992188 0.600000 0.993750 0.602083 0.996875 0.597917 0.998437 0.597917
2 0.209375 0.800000 0.207813 0.802083 0.189062 0.802083 0.185938 0.806250 0.185938 0.816667 0.184375 0.818750 0.184375 0.835417 0.182812 0.837500 0.182812 0.858333 0.181250 0.860417 0.181250 0.875000 0.179688 0.877083 0.179688 0.897917 0.178125 0.900000 0.178125 0.927083 0.176563 0.929167 0.176563 0.950000 0.175000 0.952083 0.175000 0.981250 0.173437 0.983333 0.173437 0.997917 0.221875 0.997917 0.221875 0.995833 0.225000 0.991667 0.225000 0.968750 0.226562 0.966667 0.226562 0.937500 0.228125 0.935417 0.228125 0.887500 0.229687 0.885417 0.229687 0.852083 0.231250 0.850000 0.231250 0.810417 0.225000 0.802083 0.217188 0.802083 0.215625 0.800000
2 0.290625 0.802083 0.289062 0.804167 0.273438 0.804167 0.271875 0.806250 0.270313 0.806250 0.270313 0.808333 0.268750 0.810417 0.268750 0.814583 0.267188 0.816667 0.267188 0.995833 0.268750 0.997917 0.309375 0.997917 0.309375 0.995833 0.310937 0.993750 0.310937 0.812500 0.309375 0.810417 0.309375 0.806250 0.307812 0.804167 0.304688 0.804167 0.303125 0.802083
2 0.304688 0.445833 0.303125 0.447917 0.271875 0.447917 0.270313 0.450000 0.267188 0.450000 0.267188 0.468750 0.265625 0.470833 0.265625 0.504167 0.267188 0.506250 0.267188 0.508333 0.268750 0.510417 0.268750 0.512500 0.270313 0.514583 0.270313 0.520833 0.271875 0.522917 0.271875 0.527083 0.273438 0.529167 0.273438 0.539583 0.275000 0.541667 0.275000 0.545833 0.276562 0.547917 0.276562 0.554167 0.278125 0.556250 0.278125 0.566667 0.279687 0.568750 0.279687 0.572917 0.281250 0.575000 0.281250 0.583333 0.282813 0.585417 0.282813 0.587500 0.284375 0.589583 0.284375 0.597917 0.285938 0.600000 0.285938 0.606250 0.287500 0.608333 0.287500 0.616667 0.289062 0.618750 0.289062 0.629167 0.290625 0.631250 0.290625 0.639583 0.292187 0.641667 0.292187 0.647917 0.293750 0.650000 0.293750 0.658333 0.295312 0.660417 0.295312 0.668750 0.296875 0.670833 0.296875 0.683333 0.298438 0.685417 0.298438 0.695833 0.300000 0.697917 0.300000 0.704167 0.301563 0.706250 0.301563 0.718750 0.303125 0.720833 0.303125 0.727083 0.304688 0.729167 0.304688 0.733333 0.306250 0.735417 0.329688 0.735417 0.331250 0.733333 0.339062 0.733333 0.340625 0.731250 0.340625 0.727083 0.342187 0.725000 0.342187 0.720833 0.340625 0.718750 0.340625 0.702083 0.339062 0.700000 0.339062 0.685417 0.337500 0.683333 0.337500 0.664583 0.335938 0.662500 0.335938 0.652083 0.334375 0.650000 0.334375 0.633333 0.332813 0.631250 0.332813 0.616667 0.331250 0.614583 0.331250 0.595833 0.329688 0.593750 0.329688 0.583333 0.328125 0.581250 0.328125 0.570833 0.326562 0.568750 0.326562 0.554167 0.325000 0.552083 0.325000 0.531250 0.323437 0.529167 0.323437 0.516667 0.321875 0.514583 0.321875 0.497917 0.320312 0.495833 0.320312 0.450000 0.318750 0.447917 0.317188 0.447917 0.315625 0.445833
3 0.485938 0.441667 0.484375 0.443750 0.481250 0.443750 0.479687 0.445833 0.479687 0.447917 0.478125 0.450000 0.478125 0.454167 0.481250 0.458333 0.484375 0.458333 0.485938 0.460417 0.510938 0.460417 0.512500 0.458333 0.514062 0.460417 0.518750 0.460417 0.520312 0.458333 0.548438 0.458333 0.550000 0.456250 0.576562 0.456250 0.578125 0.454167 0.593750 0.454167 0.595313 0.456250 0.596875 0.454167 0.606250 0.454167 0.607812 0.452083 0.609375 0.452083 0.612500 0.447917 0.612500 0.445833 0.610938 0.443750 0.610938 0.441667 0.593750 0.441667 0.592187 0.443750 0.553125 0.443750 0.551562 0.441667 0.532813 0.441667 0.531250 0.443750 0.517188 0.443750 0.515625 0.441667
4 0.578125 0.379167 0.576562 0.381250 0.575000 0.381250 0.570312 0.387500 0.570312 0.389583 0.568750 0.391667 0.568750 0.393750 0.567187 0.395833 0.567187 0.397917 0.564063 0.402083 0.562500 0.402083 0.560937 0.404167 0.556250 0.404167 0.554688 0.406250 0.543750 0.406250 0.542188 0.408333 0.531250 0.408333 0.529687 0.410417 0.518750 0.410417 0.517188 0.412500 0.506250 0.412500 0.504687 0.414583 0.495312 0.414583 0.493750 0.416667 0.481250 0.416667 0.479687 0.418750 0.467187 0.418750 0.465625 0.420833 0.454688 0.420833 0.453125 0.422917 0.440625 0.422917 0.439063 0.425000 0.428125 0.425000 0.426563 0.427083 0.417187 0.427083 0.415625 0.429167 0.409375 0.429167 0.407813 0.431250 0.404687 0.431250 0.400000 0.437500 0.398438 0.437500 0.396875 0.439583 0.395313 0.439583 0.393750 0.441667 0.390625 0.441667 0.385937 0.447917 0.385937 0.458333 0.387500 0.460417 0.387500 0.462500 0.389062 0.464583 0.390625 0.464583 0.392188 0.466667 0.398438 0.466667 0.400000 0.464583 0.401562 0.464583 0.403125 0.462500 0.404687 0.462500 0.404687 0.460417 0.406250 0.458333 0.406250 0.456250 0.407813 0.454167 0.407813 0.452083 0.410938 0.447917 0.412500 0.447917 0.415625 0.443750 0.420312 0.443750 0.421875 0.441667 0.428125 0.441667 0.429688 0.439583 0.448437 0.439583 0.450000 0.437500 0.454688 0.437500 0.456250 0.435417 0.478125 0.435417 0.479687 0.433333 0.490625 0.433333 0.492188 0.431250 0.509375 0.431250 0.510938 0.429167 0.525000 0.429167 0.526563 0.427083 0.539062 0.427083 0.540625 0.425000 0.550000 0.425000 0.551562 0.422917 0.556250 0.422917 0.557813 0.420833 0.562500 0.420833 0.564063 0.418750 0.568750 0.418750 0.570312 0.416667 0.573438 0.416667 0.575000 0.414583 0.576562 0.414583 0.578125 0.412500 0.579688 0.412500 0.581250 0.410417 0.582812 0.410417 0.589063 0.402083 0.589063 0.387500 0.582812 0.379167