0 0.415625 0.345833 0.415625 0.350000 0.414062 0.352083 0.414062 0.358333 0.412500 0.360417 0.412500 0.370833 0.410938 0.372917 0.410938 0.377083 0.409375 0.379167 0.409375 0.383333 0.407813 0.385417 0.407813 0.387500 0.406250 0.389583 0.406250 0.391667 0.404687 0.393750 0.404687 0.395833 0.401562 0.400000 0.401562 0.402083 0.395313 0.410417 0.395313 0.412500 0.389062 0.420833 0.389062 0.422917 0.379688 0.435417 0.379688 0.437500 0.343750 0.485417 0.342187 0.485417 0.331250 0.500000 0.329688 0.500000 0.320312 0.512500 0.318750 0.512500 0.307812 0.527083 0.306250 0.527083 0.270313 0.575000 0.270313 0.577083 0.259375 0.591667 0.259375 0.593750 0.251563 0.604167 0.251563 0.606250 0.246875 0.612500 0.246875 0.614583 0.240625 0.622917 0.240625 0.625000 0.235937 0.631250 0.235937 0.633333 0.229687 0.641667 0.229687 0.643750 0.225000 0.650000 0.225000 0.652083 0.214062 0.666667 0.212500 0.666667 0.206250 0.675000 0.204687 0.675000 0.200000 0.681250 0.198437 0.681250 0.195312 0.685417 0.193750 0.685417 0.190625 0.689583 0.189062 0.689583 0.184375 0.695833 0.182812 0.695833 0.176563 0.704167 0.176563 0.706250 0.170313 0.714583 0.165625 0.714583 0.164062 0.716667 0.156250 0.716667 0.154688 0.718750 0.148438 0.718750 0.146875 0.720833 0.143750 0.720833 0.142187 0.722917 0.140625 0.722917 0.139063 0.725000 0.135937 0.725000 0.134375 0.727083 0.132812 0.727083 0.129688 0.731250 0.128125 0.731250 0.126562 0.733333 0.123438 0.733333 0.121875 0.735417 0.120313 0.735417 0.106250 0.754167 0.106250 0.758333 0.104688 0.760417 0.104688 0.762500 0.101562 0.766667 0.101562 0.768750 0.092188 0.781250 0.090625 0.781250 0.085938 0.787500 0.084375 0.787500 0.081250 0.791667 0.079687 0.791667 0.076563 0.795833 0.075000 0.795833 0.068750 0.804167 0.067187 0.804167 0.064062 0.808333 0.060937 0.808333 0.059375 0.810417 0.051562 0.800000 0.050000 0.800000 0.032813 0.777083 0.031250 0.777083 0.029687 0.775000 0.029687 0.772917 0.028125 0.770833 0.028125 0.768750 0.026562 0.768750 0.014063 0.752083 0.014063 0.750000 0.012500 0.750000 0.006250 0.741667 0.006250 0.739583 0.004687 0.737500 0.003125 0.737500 0.001563 0.735417 0.000000 0.735417 0.000000 0.997917 0.118750 0.997917 0.123438 0.991667 0.123438 0.989583 0.125000 0.987500 0.125000 0.985417 0.126562 0.983333 0.128125 0.983333 0.129688 0.981250 0.129688 0.979167 0.139063 0.966667 0.139063 0.964583 0.140625 0.962500 0.140625 0.960417 0.143750 0.956250 0.143750 0.954167 0.146875 0.950000 0.146875 0.947917 0.148438 0.945833 0.148438 0.941667 0.150000 0.939583 0.150000 0.937500 0.153125 0.933333 0.153125 0.931250 0.154688 0.929167 0.154688 0.925000 0.156250 0.922917 0.156250 0.920833 0.157812 0.918750 0.157812 0.916667 0.160938 0.912500 0.160938 0.910417 0.171875 0.895833 0.171875 0.893750 0.173437 0.891667 0.175000 0.891667 0.187500 0.875000 0.187500 0.872917 0.196875 0.860417 0.196875 0.858333 0.200000 0.854167 0.200000 0.852083 0.203125 0.847917 0.203125 0.845833 0.207813 0.839583 0.207813 0.837500 0.212500 0.831250 0.212500 0.829167 0.214062 0.827083 0.215625 0.827083 0.217188 0.825000 0.217188 0.822917 0.221875 0.816667 0.223438 0.816667 0.223438 0.814583 0.229687 0.806250 0.229687 0.804167 0.232813 0.800000 0.232813 0.797917 0.235937 0.793750 0.235937 0.789583 0.237500 0.787500 0.237500 0.783333 0.240625 0.779167 0.242188 0.779167 0.250000 0.768750 0.250000 0.766667 0.251563 0.764583 0.253125 0.764583 0.253125 0.762500 0.254688 0.760417 0.256250 0.760417 0.295312 0.708333 0.296875 0.708333 0.300000 0.704167 0.300000 0.702083 0.310937 0.687500 0.310937 0.685417 0.315625 0.679167 0.315625 0.677083 0.320312 0.670833 0.320312 0.668750 0.331250 0.654167 0.331250 0.652083 0.335938 0.645833 0.335938 0.643750 0.340625 0.637500 0.340625 0.635417 0.348438 0.625000 0.348438 0.622917 0.351562 0.618750 0.351562 0.616667 0.356250 0.610417 0.356250 0.608333 0.357812 0.606250 0.357812 0.604167 0.360938 0.600000 0.360938 0.597917 0.364063 0.593750 0.364063 0.591667 0.365625 0.589583 0.365625 0.587500 0.368750 0.583333 0.368750 0.581250 0.371875 0.577083 0.371875 0.575000 0.373437 0.572917 0.373437 0.570833 0.376563 0.566667 0.376563 0.564583 0.378125 0.562500 0.378125 0.560417 0.381250 0.556250 0.381250 0.554167 0.384375 0.550000 0.384375 0.547917 0.385937 0.545833 0.385937 0.543750 0.389062 0.539583 0.389062 0.537500 0.393750 0.531250 0.393750 0.527083 0.398438 0.520833 0.398438 0.518750 0.400000 0.516667 0.400000 0.514583 0.403125 0.510417 0.403125 0.508333 0.409375 0.500000 0.409375 0.497917 0.414062 0.491667 0.414062 0.489583 0.415625 0.487500 0.415625 0.485417 0.417187 0.483333 0.417187 0.481250 0.421875 0.475000 0.421875 0.472917 0.426563 0.466667 0.426563 0.464583 0.431250 0.458333 0.431250 0.456250 0.432812 0.454167 0.432812 0.450000 0.434375 0.447917 0.434375 0.437500 0.432812 0.435417 0.432812 0.425000 0.431250 0.422917 0.431250 0.412500 0.429688 0.410417 0.429688 0.402083 0.428125 0.400000 0.428125 0.393750 0.426563 0.391667 0.426563 0.385417 0.425000 0.383333 0.425000 0.377083 0.423438 0.375000 0.423438 0.366667 0.421875 0.364583 0.421875 0.362500 0.420312 0.360417 0.420312 0.358333 0.418750 0.356250 0.418750 0.350000 0.417187 0.347917 0.417187 0.345833
0 0.079687 0.262500 0.078125 0.264583 0.076563 0.264583 0.075000 0.266667 0.067187 0.266667 0.065625 0.268750 0.060937 0.268750 0.059375 0.270833 0.051562 0.270833 0.050000 0.272917 0.045312 0.272917 0.043750 0.275000 0.039062 0.275000 0.037500 0.277083 0.031250 0.277083 0.029687 0.279167 0.021875 0.279167 0.020313 0.281250 0.010937 0.281250 0.009375 0.283333 0.000000 0.283333 0.000000 0.418750 0.001563 0.418750 0.003125 0.416667 0.007812 0.416667 0.009375 0.414583 0.014063 0.414583 0.015625 0.412500 0.018750 0.412500 0.020313 0.410417 0.023438 0.410417 0.025000 0.408333 0.028125 0.408333 0.029687 0.406250 0.031250 0.406250 0.032813 0.404167 0.035937 0.404167 0.037500 0.402083 0.039062 0.402083 0.040625 0.400000 0.043750 0.400000 0.045312 0.397917 0.046875 0.397917 0.048438 0.395833 0.051562 0.395833 0.053125 0.393750 0.056250 0.393750 0.057813 0.391667 0.060937 0.391667 0.064062 0.387500 0.065625 0.387500 0.068750 0.383333 0.068750 0.379167 0.070312 0.377083 0.070312 0.372917 0.071875 0.370833 0.071875 0.366667 0.073438 0.364583 0.073438 0.360417 0.075000 0.358333 0.075000 0.356250 0.076563 0.354167 0.076563 0.350000 0.078125 0.347917 0.078125 0.343750 0.079687 0.341667 0.079687 0.339583 0.081250 0.337500 0.081250 0.333333 0.082812 0.331250 0.082812 0.329167 0.084375 0.327083 0.084375 0.322917 0.085938 0.320833 0.085938 0.316667 0.087500 0.314583 0.087500 0.312500 0.089063 0.310417 0.089063 0.304167 0.090625 0.302083 0.090625 0.300000 0.092188 0.297917 0.092188 0.293750 0.093750 0.291667 0.093750 0.287500 0.095312 0.285417 0.095312 0.281250 0.096875 0.279167 0.096875 0.270833 0.098437 0.268750 0.098437 0.264583 0.096875 0.262500
0 0.478125 0.191667 0.476562 0.193750 0.476562 0.202083 0.478125 0.204167 0.478125 0.208333 0.479687 0.210417 0.479687 0.212500 0.481250 0.214583 0.481250 0.216667 0.482812 0.218750 0.482812 0.220833 0.484375 0.222917 0.484375 0.225000 0.487500 0.229167 0.487500 0.231250 0.489063 0.233333 0.489063 0.235417 0.490625 0.237500 0.490625 0.239583 0.493750 0.243750 0.493750 0.245833 0.495312 0.247917 0.495312 0.250000 0.496875 0.252083 0.496875 0.254167 0.498437 0.256250 0.498437 0.260417 0.500000 0.262500 0.500000 0.268750 0.501563 0.270833 0.501563 0.275000 0.503125 0.277083 0.503125 0.281250 0.504687 0.283333 0.504687 0.287500 0.506250 0.289583 0.506250 0.291667 0.507812 0.293750 0.507812 0.295833 0.509375 0.297917 0.509375 0.300000 0.510938 0.302083 0.510938 0.306250 0.512500 0.308333 0.514062 0.308333 0.517188 0.304167 0.517188 0.297917 0.518750 0.295833 0.518750 0.291667 0.520312 0.289583 0.520312 0.287500 0.521875 0.285417 0.521875 0.281250 0.523438 0.279167 0.523438 0.275000 0.525000 0.272917 0.525000 0.266667 0.526563 0.264583 0.526563 0.258333 0.528125 0.256250 0.528125 0.247917 0.526563 0.245833 0.526563 0.243750 0.510938 0.222917 0.509375 0.222917 0.489063 0.195833 0.487500 0.195833 0.484375 0.191667
0 0.365625 0.077083 0.364063 0.079167 0.362500 0.079167 0.360938 0.081250 0.354687 0.081250 0.353125 0.083333 0.348438 0.083333 0.346875 0.085417 0.345313 0.085417 0.343750 0.087500 0.342187 0.087500 0.339062 0.091667 0.337500 0.091667 0.337500 0.093750 0.331250 0.102083 0.331250 0.104167 0.328125 0.108333 0.328125 0.110417 0.321875 0.118750 0.321875 0.120833 0.315625 0.129167 0.315625 0.133333 0.309375 0.141667 0.309375 0.143750 0.307812 0.145833 0.307812 0.150000 0.306250 0.152083 0.306250 0.158333 0.301563 0.164583 0.301563 0.168750 0.300000 0.170833 0.300000 0.175000 0.298438 0.177083 0.298438 0.181250 0.293750 0.187500 0.293750 0.191667 0.289062 0.197917 0.289062 0.200000 0.285938 0.204167 0.281250 0.204167 0.279687 0.202083 0.279687 0.200000 0.276562 0.195833 0.267188 0.195833 0.264062 0.200000 0.262500 0.200000 0.260937 0.202083 0.254688 0.202083 0.253125 0.200000 0.251563 0.200000 0.251563 0.202083 0.250000 0.204167 0.248438 0.204167 0.248438 0.206250 0.243750 0.212500 0.245312 0.214583 0.245312 0.216667 0.243750 0.218750 0.243750 0.220833 0.245312 0.222917 0.242188 0.227083 0.242188 0.229167 0.243750 0.229167 0.245312 0.231250 0.246875 0.231250 0.250000 0.235417 0.250000 0.237500 0.248438 0.239583 0.246875 0.239583 0.245312 0.237500 0.243750 0.237500 0.242188 0.235417 0.242188 0.233333 0.237500 0.233333 0.235937 0.231250 0.228125 0.231250 0.226562 0.233333 0.221875 0.233333 0.220312 0.235417 0.214062 0.235417 0.212500 0.237500 0.212500 0.239583 0.210938 0.241667 0.210938 0.247917 0.209375 0.250000 0.209375 0.254167 0.207813 0.256250 0.207813 0.264583 0.206250 0.266667 0.206250 0.283333 0.204687 0.285417 0.204687 0.297917 0.206250 0.300000 0.207813 0.300000 0.209375 0.302083 0.212500 0.302083 0.214062 0.300000 0.225000 0.300000 0.226562 0.297917 0.232813 0.297917 0.234375 0.295833 0.235937 0.295833 0.237500 0.293750 0.239063 0.293750 0.240625 0.291667 0.246875 0.291667 0.248438 0.289583 0.254688 0.289583 0.256250 0.287500 0.259375 0.287500 0.260937 0.285417 0.262500 0.285417 0.264062 0.283333 0.265625 0.283333 0.267188 0.281250 0.271875 0.287500 0.273438 0.287500 0.275000 0.289583 0.278125 0.289583 0.279687 0.287500 0.281250 0.287500 0.282813 0.285417 0.287500 0.285417 0.289062 0.283333 0.290625 0.283333 0.292187 0.281250 0.295312 0.281250 0.295312 0.279167 0.296875 0.277083 0.298438 0.277083 0.300000 0.275000 0.303125 0.275000 0.306250 0.270833 0.307812 0.270833 0.309375 0.268750 0.310937 0.268750 0.312500 0.266667 0.315625 0.266667 0.317188 0.264583 0.318750 0.264583 0.320312 0.262500 0.323437 0.262500 0.325000 0.260417 0.335938 0.260417 0.337500 0.258333 0.343750 0.258333 0.345313 0.256250 0.351562 0.256250 0.353125 0.254167 0.360938 0.254167 0.362500 0.252083 0.373437 0.252083 0.375000 0.250000 0.379688 0.250000 0.381250 0.247917 0.384375 0.247917 0.385937 0.245833 0.393750 0.245833 0.395313 0.243750 0.396875 0.243750 0.396875 0.241667 0.398438 0.239583 0.398438 0.235417 0.400000 0.233333 0.400000 0.222917 0.398438 0.220833 0.398438 0.218750 0.395313 0.214583 0.395313 0.210417 0.392188 0.206250 0.390625 0.206250 0.389062 0.208333 0.389062 0.210417 0.387500 0.212500 0.384375 0.208333 0.384375 0.206250 0.382812 0.206250 0.381250 0.204167 0.379688 0.204167 0.375000 0.197917 0.375000 0.195833 0.373437 0.195833 0.370312 0.191667 0.370312 0.175000 0.371875 0.172917 0.371875 0.170833 0.373437 0.168750 0.375000 0.168750 0.378125 0.164583 0.379688 0.164583 0.379688 0.162500 0.389062 0.150000 0.390625 0.150000 0.398438 0.139583 0.400000 0.139583 0.403125 0.135417 0.404687 0.135417 0.406250 0.133333 0.410938 0.133333 0.412500 0.131250 0.421875 0.131250 0.423438 0.129167 0.428125 0.129167 0.429688 0.127083 0.434375 0.127083 0.435937 0.125000 0.437500 0.125000 0.440625 0.120833 0.440625 0.116667 0.439063 0.114583 0.439063 0.108333 0.440625 0.106250 0.440625 0.095833 0.439063 0.093750 0.439063 0.091667 0.437500 0.089583 0.435937 0.089583 0.434375 0.087500 0.429688 0.087500 0.428125 0.085417 0.423438 0.085417 0.421875 0.083333 0.410938 0.083333 0.409375 0.081250 0.398438 0.081250 0.396875 0.079167 0.382812 0.079167 0.381250 0.077083
2 0.189062 0.918750 0.187500 0.920833 0.181250 0.920833 0.179688 0.922917 0.178125 0.922917 0.178125 0.931250 0.176563 0.933333 0.176563 0.954167 0.175000 0.956250 0.175000 0.977083 0.173437 0.979167 0.173437 0.997917 0.212500 0.997917 0.214062 0.995833 0.214062 0.972917 0.215625 0.970833 0.215625 0.920833 0.214062 0.918750
2 0.160938 0.072917 0.159375 0.075000 0.159375 0.077083 0.157812 0.079167 0.157812 0.081250 0.156250 0.083333 0.156250 0.087500 0.154688 0.089583 0.154688 0.093750 0.153125 0.095833 0.153125 0.097917 0.151562 0.100000 0.151562 0.102083 0.150000 0.104167 0.150000 0.110417 0.148438 0.112500 0.148438 0.116667 0.146875 0.118750 0.146875 0.125000 0.145313 0.127083 0.145313 0.131250 0.143750 0.133333 0.143750 0.135417 0.142187 0.137500 0.142187 0.139583 0.140625 0.141667 0.140625 0.143750 0.139063 0.145833 0.139063 0.147917 0.137500 0.150000 0.137500 0.154167 0.135937 0.156250 0.135937 0.160417 0.134375 0.162500 0.134375 0.166667 0.132812 0.168750 0.132812 0.172917 0.131250 0.175000 0.131250 0.177083 0.129688 0.179167 0.129688 0.183333 0.128125 0.185417 0.128125 0.189583 0.126562 0.191667 0.126562 0.195833 0.125000 0.197917 0.125000 0.202083 0.123438 0.204167 0.123438 0.206250 0.121875 0.208333 0.121875 0.210417 0.120313 0.212500 0.120313 0.214583 0.118750 0.216667 0.118750 0.222917 0.117188 0.225000 0.117188 0.227083 0.115625 0.229167 0.115625 0.233333 0.114062 0.235417 0.114062 0.237500 0.112500 0.239583 0.112500 0.243750 0.110937 0.245833 0.110937 0.247917 0.109375 0.250000 0.109375 0.252083 0.106250 0.256250 0.106250 0.258333 0.104688 0.260417 0.104688 0.262500 0.103125 0.264583 0.103125 0.266667 0.101562 0.268750 0.101562 0.272917 0.100000 0.275000 0.100000 0.281250 0.098437 0.283333 0.098437 0.285417 0.096875 0.287500 0.096875 0.291667 0.095312 0.293750 0.095312 0.297917 0.093750 0.300000 0.093750 0.302083 0.092188 0.304167 0.092188 0.308333 0.090625 0.310417 0.090625 0.314583 0.089063 0.316667 0.089063 0.318750 0.087500 0.320833 0.087500 0.325000 0.085938 0.327083 0.085938 0.329167 0.084375 0.331250 0.084375 0.335417 0.082812 0.337500 0.082812 0.339583 0.081250 0.341667 0.081250 0.345833 0.079687 0.347917 0.079687 0.350000 0.078125 0.352083 0.078125 0.358333 0.076563 0.360417 0.076563 0.364583 0.075000 0.366667 0.075000 0.372917 0.073438 0.375000 0.073438 0.408333 0.075000 0.410417 0.075000 0.429167 0.076563 0.431250 0.076563 0.454167 0.078125 0.456250 0.078125 0.472917 0.079687 0.475000 0.079687 0.481250 0.081250 0.483333 0.084375 0.483333 0.085938 0.485417 0.132812 0.485417 0.134375 0.487500 0.173437 0.487500 0.175000 0.485417 0.176563 0.485417 0.178125 0.483333 0.178125 0.472917 0.179688 0.470833 0.179688 0.422917 0.182812 0.418750 0.182812 0.410417 0.181250 0.408333 0.181250 0.406250 0.179688 0.404167 0.179688 0.397917 0.181250 0.395833 0.181250 0.393750 0.179688 0.391667 0.182812 0.387500 0.182812 0.383333 0.184375 0.381250 0.184375 0.379167 0.182812 0.377083 0.182812 0.372917 0.184375 0.370833 0.184375 0.362500 0.185938 0.360417 0.189062 0.360417 0.187500 0.358333 0.187500 0.354167 0.189062 0.352083 0.189062 0.341667 0.187500 0.339583 0.189062 0.337500 0.189062 0.335417 0.190625 0.333333 0.190625 0.327083 0.189062 0.325000 0.189062 0.322917 0.190625 0.320833 0.190625 0.312500 0.192188 0.310417 0.192188 0.306250 0.193750 0.304167 0.195312 0.304167 0.196875 0.302083 0.196875 0.293750 0.198437 0.291667 0.198437 0.281250 0.200000 0.279167 0.200000 0.258333 0.201563 0.256250 0.201563 0.241667 0.203125 0.239583 0.203125 0.227083 0.204687 0.225000 0.204687 0.214583 0.203125 0.212500 0.204687 0.210417 0.204687 0.193750 0.206250 0.191667 0.206250 0.189583 0.204687 0.187500 0.204687 0.181250 0.206250 0.179167 0.206250 0.168750 0.207813 0.166667 0.207813 0.162500 0.209375 0.160417 0.209375 0.150000 0.210938 0.147917 0.210938 0.135417 0.212500 0.133333 0.212500 0.125000 0.214062 0.122917 0.214062 0.110417 0.215625 0.108333 0.215625 0.093750 0.217188 0.091667 0.217188 0.085417 0.215625 0.083333 0.215625 0.081250 0.214062 0.079167 0.207813 0.079167 0.206250 0.077083 0.192188 0.077083 0.190625 0.075000 0.175000 0.075000 0.173437 0.072917
2 0.437500 0.129167 0.435937 0.131250 0.434375 0.131250 0.432812 0.133333 0.423438 0.133333 0.421875 0.135417 0.414062 0.135417 0.412500 0.137500 0.407813 0.137500 0.404687 0.141667 0.403125 0.141667 0.395313 0.152083 0.395313 0.175000 0.396875 0.177083 0.396875 0.189583 0.398438 0.191667 0.398438 0.197917 0.400000 0.200000 0.400000 0.208333 0.401562 0.210417 0.401562 0.216667 0.403125 0.218750 0.403125 0.225000 0.404687 0.227083 0.404687 0.237500 0.406250 0.239583 0.406250 0.245833 0.407813 0.247917 0.407813 0.258333 0.409375 0.260417 0.409375 0.272917 0.410938 0.275000 0.410938 0.287500 0.412500 0.289583 0.412500 0.306250 0.414062 0.308333 0.414062 0.320833 0.415625 0.322917 0.415625 0.329167 0.417187 0.331250 0.417187 0.335417 0.418750 0.337500 0.418750 0.339583 0.420312 0.341667 0.420312 0.345833 0.421875 0.347917 0.421875 0.352083 0.423438 0.354167 0.423438 0.356250 0.425000 0.358333 0.425000 0.364583 0.426563 0.366667 0.426563 0.375000 0.428125 0.377083 0.428125 0.383333 0.429688 0.385417 0.429688 0.391667 0.431250 0.393750 0.431250 0.400000 0.432812 0.402083 0.432812 0.410417 0.434375 0.412500 0.434375 0.420833 0.435937 0.422917 0.435937 0.431250 0.437500 0.433333 0.437500 0.447917 0.439063 0.450000 0.439063 0.458333 0.440625 0.460417 0.440625 0.466667 0.442188 0.468750 0.442188 0.472917 0.445312 0.477083 0.445312 0.479167 0.467187 0.508333 0.467187 0.510417 0.470313 0.514583 0.471875 0.514583 0.473438 0.516667 0.473438 0.518750 0.482812 0.531250 0.482812 0.533333 0.485938 0.537500 0.487500 0.537500 0.489063 0.539583 0.492188 0.539583 0.493750 0.537500 0.496875 0.537500 0.501563 0.531250 0.503125 0.531250 0.504687 0.529167 0.506250 0.529167 0.509375 0.525000 0.510938 0.525000 0.514062 0.520833 0.515625 0.520833 0.518750 0.516667 0.520312 0.516667 0.525000 0.510417 0.526563 0.510417 0.528125 0.508333 0.529687 0.508333 0.532813 0.504167 0.534375 0.504167 0.535937 0.502083 0.537500 0.502083 0.542188 0.495833 0.543750 0.495833 0.546875 0.491667 0.548438 0.491667 0.551562 0.487500 0.553125 0.487500 0.557813 0.481250 0.557813 0.472917 0.556250 0.470833 0.556250 0.468750 0.554688 0.466667 0.554688 0.464583 0.553125 0.462500 0.553125 0.460417 0.551562 0.458333 0.551562 0.456250 0.550000 0.454167 0.550000 0.450000 0.548438 0.447917 0.548438 0.445833 0.546875 0.443750 0.546875 0.441667 0.545312 0.439583 0.545312 0.433333 0.543750 0.431250 0.543750 0.429167 0.542188 0.427083 0.542188 0.416667 0.540625 0.414583 0.540625 0.412500 0.539062 0.410417 0.539062 0.404167 0.537500 0.402083 0.537500 0.397917 0.535937 0.395833 0.535937 0.391667 0.534375 0.389583 0.534375 0.385417 0.531250 0.381250 0.531250 0.379167 0.529687 0.377083 0.529687 0.375000 0.528125 0.372917 0.528125 0.370833 0.526563 0.368750 0.526563 0.366667 0.525000 0.364583 0.525000 0.360417 0.523438 0.358333 0.523438 0.354167 0.521875 0.352083 0.521875 0.350000 0.520312 0.347917 0.520312 0.345833 0.518750 0.343750 0.518750 0.339583 0.517188 0.337500 0.517188 0.333333 0.515625 0.331250 0.515625 0.329167 0.514062 0.327083 0.514062 0.322917 0.512500 0.320833 0.512500 0.318750 0.510938 0.316667 0.510938 0.312500 0.509375 0.310417 0.509375 0.308333 0.507812 0.306250 0.507812 0.304167 0.506250 0.302083 0.506250 0.297917 0.504687 0.295833 0.504687 0.293750 0.503125 0.291667 0.503125 0.287500 0.501563 0.285417 0.501563 0.283333 0.500000 0.281250 0.500000 0.277083 0.498437 0.275000 0.498437 0.268750 0.496875 0.266667 0.496875 0.262500 0.495312 0.260417 0.495312 0.256250 0.493750 0.254167 0.493750 0.252083 0.490625 0.247917 0.490625 0.245833 0.489063 0.243750 0.489063 0.241667 0.485938 0.237500 0.485938 0.235417 0.484375 0.233333 0.484375 0.231250 0.481250 0.227083 0.481250 0.225000 0.479687 0.222917 0.479687 0.220833 0.476562 0.216667 0.476562 0.212500 0.473438 0.208333 0.473438 0.183333 0.470313 0.179167 0.470313 0.177083 0.468750 0.175000 0.468750 0.166667 0.467187 0.164583 0.467187 0.154167 0.465625 0.152083 0.465625 0.147917 0.459375 0.139583 0.454688 0.139583 0.451562 0.135417 0.450000 0.135417 0.448437 0.133333 0.446875 0.133333 0.445312 0.131250 0.443750 0.131250 0.442188 0.129167
2 0.682813 0.025000 0.681250 0.027083 0.676562 0.027083 0.675000 0.029167 0.673438 0.029167 0.673438 0.033333 0.670312 0.037500 0.668750 0.037500 0.668750 0.039583 0.665625 0.043750 0.664062 0.043750 0.664062 0.047917 0.657813 0.056250 0.657813 0.064583 0.656250 0.066667 0.656250 0.089583 0.657813 0.091667 0.657813 0.097917 0.660937 0.102083 0.660937 0.104167 0.664062 0.108333 0.664062 0.110417 0.667188 0.114583 0.667188 0.116667 0.668750 0.118750 0.668750 0.120833 0.670312 0.122917 0.671875 0.122917 0.673438 0.125000 0.673438 0.127083 0.675000 0.129167 0.675000 0.131250 0.676562 0.133333 0.676562 0.135417 0.681250 0.141667 0.681250 0.143750 0.684375 0.147917 0.684375 0.150000 0.687500 0.154167 0.687500 0.156250 0.689063 0.158333 0.689063 0.160417 0.692187 0.164583 0.692187 0.166667 0.695312 0.170833 0.695312 0.172917 0.698438 0.177083 0.698438 0.179167 0.703125 0.185417 0.703125 0.187500 0.704688 0.189583 0.704688 0.191667 0.707812 0.195833 0.707812 0.197917 0.710938 0.202083 0.710938 0.204167 0.714063 0.208333 0.714063 0.210417 0.720313 0.218750 0.720313 0.220833 0.723437 0.225000 0.723437 0.227083 0.725000 0.229167 0.725000 0.231250 0.729688 0.237500 0.729688 0.239583 0.732812 0.243750 0.732812 0.245833 0.737500 0.252083 0.737500 0.254167 0.740625 0.258333 0.740625 0.260417 0.743750 0.264583 0.743750 0.266667 0.746875 0.270833 0.746875 0.272917 0.748437 0.275000 0.748437 0.277083 0.751563 0.281250 0.751563 0.283333 0.756250 0.289583 0.756250 0.291667 0.757812 0.293750 0.757812 0.295833 0.762500 0.302083 0.762500 0.304167 0.767188 0.310417 0.767188 0.312500 0.773438 0.320833 0.773438 0.322917 0.775000 0.322917 0.776563 0.325000 0.776563 0.327083 0.779687 0.331250 0.781250 0.329167 0.784375 0.329167 0.782813 0.329167 0.781250 0.327083 0.781250 0.322917 0.782813 0.320833 0.792188 0.320833 0.793750 0.318750 0.795312 0.318750 0.795312 0.316667 0.796875 0.314583 0.798438 0.314583 0.800000 0.312500 0.801562 0.312500 0.803125 0.310417 0.803125 0.308333 0.804688 0.306250 0.807813 0.306250 0.809375 0.308333 0.807813 0.306250 0.810937 0.302083 0.810937 0.300000 0.812500 0.297917 0.814063 0.297917 0.812500 0.295833 0.812500 0.291667 0.810937 0.289583 0.810937 0.283333 0.809375 0.281250 0.809375 0.275000 0.806250 0.270833 0.806250 0.268750 0.803125 0.264583 0.803125 0.262500 0.800000 0.258333 0.800000 0.256250 0.798438 0.254167 0.798438 0.252083 0.795312 0.247917 0.795312 0.245833 0.793750 0.243750 0.793750 0.241667 0.790625 0.237500 0.790625 0.235417 0.787500 0.231250 0.787500 0.229167 0.785937 0.227083 0.785937 0.225000 0.784375 0.222917 0.784375 0.220833 0.781250 0.216667 0.781250 0.214583 0.778125 0.210417 0.778125 0.208333 0.776563 0.206250 0.776563 0.204167 0.775000 0.202083 0.775000 0.200000 0.771875 0.195833 0.771875 0.193750 0.770312 0.191667 0.770312 0.189583 0.765625 0.183333 0.765625 0.181250 0.759375 0.172917 0.759375 0.170833 0.751563 0.160417 0.751563 0.158333 0.750000 0.156250 0.750000 0.152083 0.748437 0.150000 0.748437 0.147917 0.746875 0.145833 0.746875 0.143750 0.745313 0.141667 0.745313 0.139583 0.743750 0.137500 0.743750 0.135417 0.739062 0.129167 0.739062 0.127083 0.735938 0.122917 0.735938 0.120833 0.732812 0.116667 0.732812 0.114583 0.731250 0.112500 0.731250 0.110417 0.726562 0.104167 0.726562 0.102083 0.721875 0.095833 0.721875 0.091667 0.715625 0.083333 0.715625 0.081250 0.712500 0.077083 0.712500 0.075000 0.710938 0.072917 0.710938 0.070833 0.707812 0.066667 0.707812 0.064583 0.706250 0.062500 0.706250 0.060417 0.701562 0.054167 0.701562 0.052083 0.698438 0.047917 0.698438 0.043750 0.692187 0.035417 0.692187 0.033333 0.689063 0.029167 0.687500 0.029167 0.684375 0.025000
3 0.531250 0.379167 0.531250 0.391667 0.532813 0.393750 0.532813 0.397917 0.534375 0.400000 0.534375 0.404167 0.535937 0.404167 0.537500 0.406250 0.537500 0.410417 0.539062 0.412500 0.539062 0.418750 0.542188 0.422917 0.542188 0.427083 0.543750 0.429167 0.543750 0.431250 0.545312 0.433333 0.545312 0.435417 0.557813 0.452083 0.559375 0.452083 0.567187 0.462500 0.568750 0.462500 0.571875 0.466667 0.573438 0.466667 0.576562 0.470833 0.576562 0.472917 0.579688 0.477083 0.581250 0.477083 0.582812 0.479167 0.587500 0.479167 0.590625 0.475000 0.590625 0.468750 0.579688 0.454167 0.578125 0.454167 0.575000 0.450000 0.575000 0.447917 0.573438 0.445833 0.571875 0.445833 0.556250 0.425000 0.554688 0.425000 0.553125 0.422917 0.553125 0.420833 0.551562 0.418750 0.550000 0.418750 0.548438 0.416667 0.548438 0.414583 0.545312 0.410417 0.545312 0.404167 0.543750 0.402083 0.543750 0.400000 0.542188 0.397917 0.542188 0.395833 0.540625 0.393750 0.540625 0.391667 0.535937 0.385417 0.535937 0.383333 0.534375 0.383333 0.532813 0.381250 0.532813 0.379167
4 0.407813 0.956250 0.406250 0.958333 0.400000 0.958333 0.396875 0.962500 0.395313 0.962500 0.392188 0.966667 0.389062 0.966667 0.387500 0.968750 0.384375 0.968750 0.382812 0.970833 0.379688 0.970833 0.375000 0.977083 0.375000 0.997917 0.403125 0.997917 0.401562 0.995833 0.401562 0.991667 0.400000 0.989583 0.400000 0.987500 0.398438 0.985417 0.398438 0.983333 0.401562 0.979167 0.401562 0.977083 0.406250 0.970833 0.407813 0.970833 0.409375 0.968750 0.418750 0.968750 0.420312 0.966667 0.459375 0.966667 0.460938 0.968750 0.470313 0.968750 0.471875 0.970833 0.475000 0.970833 0.478125 0.975000 0.478125 0.977083 0.475000 0.981250 0.473438 0.981250 0.471875 0.983333 0.467187 0.983333 0.465625 0.985417 0.460938 0.985417 0.459375 0.987500 0.451562 0.987500 0.450000 0.989583 0.446875 0.989583 0.445312 0.991667 0.440625 0.991667 0.439063 0.993750 0.435937 0.993750 0.434375 0.995833 0.429688 0.995833 0.428125 0.997917 0.478125 0.997917 0.479687 0.995833 0.484375 0.995833 0.485938 0.993750 0.490625 0.993750 0.492188 0.991667 0.498437 0.991667 0.500000 0.989583 0.503125 0.989583 0.504687 0.987500 0.509375 0.987500 0.510938 0.985417 0.514062 0.985417 0.515625 0.983333 0.523438 0.983333 0.525000 0.981250 0.529687 0.981250 0.531250 0.979167 0.540625 0.979167 0.542188 0.977083 0.551562 0.977083 0.553125 0.979167 0.556250 0.979167 0.557813 0.981250 0.559375 0.981250 0.562500 0.985417 0.562500 0.987500 0.565625 0.991667 0.567187 0.991667 0.568750 0.993750 0.576562 0.993750 0.581250 0.987500 0.582812 0.987500 0.582812 0.985417 0.584375 0.983333 0.584375 0.975000 0.578125 0.966667 0.575000 0.966667 0.573438 0.964583 0.570312 0.964583 0.568750 0.962500 0.567187 0.962500 0.565625 0.960417 0.564063 0.960417 0.562500 0.958333 0.560937 0.958333 0.559375 0.956250 0.539062 0.956250 0.537500 0.958333 0.468750 0.958333 0.467187 0.956250
1 0.415625 0.497917 0.412500 0.502083 0.410938 0.502083 0.410938 0.504167 0.404687 0.512500 0.404687 0.514583 0.401562 0.518750 0.401562 0.520833 0.398438 0.525000 0.398438 0.527083 0.396875 0.529167 0.396875 0.531250 0.393750 0.535417 0.393750 0.537500 0.389062 0.543750 0.389062 0.545833 0.387500 0.547917 0.387500 0.550000 0.384375 0.554167 0.384375 0.556250 0.381250 0.560417 0.381250 0.562500 0.379688 0.564583 0.379688 0.566667 0.376563 0.570833 0.376563 0.572917 0.375000 0.575000 0.375000 0.577083 0.373437 0.579167 0.373437 0.581250 0.370312 0.585417 0.370312 0.587500 0.367188 0.591667 0.367188 0.593750 0.365625 0.595833 0.365625 0.597917 0.360938 0.604167 0.360938 0.606250 0.359375 0.608333 0.359375 0.610417 0.357812 0.612500 0.357812 0.614583 0.353125 0.620833 0.353125 0.622917 0.350000 0.627083 0.350000 0.629167 0.342187 0.639583 0.342187 0.641667 0.337500 0.647917 0.337500 0.650000 0.329688 0.660417 0.329688 0.662500 0.328125 0.664583 0.326562 0.664583 0.326562 0.666667 0.320312 0.675000 0.320312 0.677083 0.315625 0.683333 0.315625 0.685417 0.306250 0.697917 0.306250 0.700000 0.285938 0.727083 0.284375 0.727083 0.268750 0.747917 0.268750 0.750000 0.264062 0.756250 0.262500 0.756250 0.259375 0.760417 0.259375 0.762500 0.257812 0.764583 0.256250 0.764583 0.253125 0.768750 0.253125 0.770833 0.242188 0.785417 0.242188 0.787500 0.240625 0.789583 0.240625 0.791667 0.239063 0.793750 0.239063 0.795833 0.237500 0.797917 0.237500 0.800000 0.235937 0.802083 0.235937 0.804167 0.225000 0.818750 0.225000 0.820833 0.212500 0.837500 0.212500 0.839583 0.209375 0.843750 0.209375 0.845833 0.204687 0.852083 0.204687 0.854167 0.201563 0.858333 0.201563 0.860417 0.196875 0.866667 0.196875 0.868750 0.193750 0.872917 0.193750 0.875000 0.184375 0.887500 0.184375 0.889583 0.181250 0.893750 0.181250 0.914583 0.184375 0.918750 0.185938 0.916667 0.215625 0.916667 0.217188 0.918750 0.217188 0.927083 0.218750 0.929167 0.218750 0.941667 0.221875 0.945833 0.260937 0.945833 0.262500 0.943750 0.300000 0.943750 0.301563 0.941667 0.337500 0.941667 0.339062 0.939583 0.348438 0.939583 0.350000 0.937500 0.365625 0.937500 0.368750 0.933333 0.368750 0.931250 0.370312 0.929167 0.370312 0.914583 0.371875 0.912500 0.371875 0.902083 0.373437 0.900000 0.373437 0.891667 0.375000 0.889583 0.375000 0.877083 0.376563 0.875000 0.376563 0.866667 0.378125 0.864583 0.378125 0.850000 0.379688 0.847917 0.379688 0.835417 0.381250 0.833333 0.381250 0.825000 0.382812 0.822917 0.382812 0.806250 0.384375 0.804167 0.384375 0.795833 0.385937 0.793750 0.385937 0.779167 0.387500 0.777083 0.387500 0.762500 0.389062 0.760417 0.389062 0.752083 0.390625 0.750000 0.390625 0.735417 0.392188 0.733333 0.392188 0.722917 0.393750 0.720833 0.393750 0.708333 0.395313 0.706250 0.395313 0.693750 0.396875 0.691667 0.396875 0.681250 0.398438 0.679167 0.398438 0.662500 0.400000 0.660417 0.400000 0.650000 0.401562 0.647917 0.401562 0.633333 0.403125 0.631250 0.403125 0.618750 0.404687 0.616667 0.404687 0.606250 0.406250 0.604167 0.406250 0.591667 0.407813 0.589583 0.407813 0.577083 0.409375 0.575000 0.409375 0.558333 0.410938 0.556250 0.410938 0.543750 0.412500 0.541667 0.412500 0.531250 0.414062 0.529167 0.414062 0.514583 0.415625 0.512500
1 0.392188 0.252083 0.390625 0.254167 0.389062 0.254167 0.387500 0.256250 0.378125 0.256250 0.376563 0.258333 0.364063 0.258333 0.362500 0.260417 0.356250 0.260417 0.354687 0.262500 0.348438 0.262500 0.346875 0.264583 0.335938 0.264583 0.334375 0.266667 0.328125 0.266667 0.326562 0.268750 0.321875 0.268750 0.320312 0.270833 0.315625 0.270833 0.314063 0.272917 0.312500 0.272917 0.310937 0.275000 0.309375 0.275000 0.307812 0.277083 0.306250 0.277083 0.304688 0.279167 0.303125 0.279167 0.298438 0.285417 0.296875 0.285417 0.295312 0.287500 0.292187 0.287500 0.290625 0.289583 0.285938 0.289583 0.284375 0.291667 0.281250 0.291667 0.279687 0.293750 0.271875 0.293750 0.270313 0.291667 0.264062 0.291667 0.262500 0.293750 0.256250 0.293750 0.254688 0.295833 0.248438 0.295833 0.246875 0.297917 0.243750 0.297917 0.242188 0.300000 0.237500 0.300000 0.235937 0.302083 0.232813 0.302083 0.231250 0.304167 0.229687 0.304167 0.228125 0.306250 0.225000 0.306250 0.223438 0.308333 0.215625 0.308333 0.214062 0.310417 0.210938 0.310417 0.209375 0.312500 0.206250 0.312500 0.203125 0.316667 0.203125 0.318750 0.201563 0.320833 0.201563 0.327083 0.200000 0.329167 0.200000 0.333333 0.198437 0.335417 0.198437 0.343750 0.196875 0.345833 0.196875 0.356250 0.195312 0.358333 0.195312 0.366667 0.193750 0.368750 0.193750 0.383333 0.192188 0.385417 0.192188 0.395833 0.190625 0.397917 0.190625 0.410417 0.189062 0.412500 0.189062 0.420833 0.187500 0.422917 0.187500 0.431250 0.185938 0.433333 0.185938 0.445833 0.184375 0.447917 0.184375 0.452083 0.182812 0.454167 0.182812 0.466667 0.181250 0.468750 0.181250 0.481250 0.179688 0.483333 0.179688 0.485417 0.176563 0.489583 0.175000 0.489583 0.171875 0.493750 0.171875 0.572917 0.173437 0.575000 0.171875 0.577083 0.171875 0.591667 0.170313 0.593750 0.170313 0.597917 0.168750 0.600000 0.168750 0.606250 0.165625 0.610417 0.165625 0.622917 0.167187 0.622917 0.170313 0.627083 0.170313 0.629167 0.171875 0.631250 0.171875 0.633333 0.173437 0.635417 0.173437 0.654167 0.175000 0.656250 0.175000 0.689583 0.176563 0.691667 0.176563 0.693750 0.179688 0.693750 0.181250 0.691667 0.182812 0.691667 0.184375 0.689583 0.185938 0.689583 0.189062 0.685417 0.190625 0.685417 0.192188 0.683333 0.193750 0.683333 0.200000 0.675000 0.201563 0.675000 0.204687 0.670833 0.206250 0.670833 0.214062 0.660417 0.215625 0.660417 0.223438 0.650000 0.223438 0.647917 0.226562 0.643750 0.226562 0.641667 0.232813 0.633333 0.232813 0.631250 0.235937 0.627083 0.235937 0.625000 0.242188 0.616667 0.242188 0.614583 0.251563 0.602083 0.251563 0.600000 0.257812 0.591667 0.257812 0.589583 0.268750 0.575000 0.268750 0.572917 0.289062 0.545833 0.289062 0.543750 0.290625 0.541667 0.292187 0.541667 0.300000 0.531250 0.301563 0.531250 0.301563 0.529167 0.303125 0.527083 0.304688 0.527083 0.314063 0.514583 0.315625 0.514583 0.326562 0.500000 0.328125 0.500000 0.340625 0.483333 0.342187 0.483333 0.359375 0.460417 0.360938 0.460417 0.367188 0.452083 0.367188 0.450000 0.379688 0.433333 0.379688 0.431250 0.385937 0.422917 0.385937 0.420833 0.393750 0.410417 0.393750 0.408333 0.396875 0.404167 0.396875 0.402083 0.400000 0.397917 0.400000 0.395833 0.403125 0.391667 0.403125 0.389583 0.404687 0.387500 0.404687 0.385417 0.406250 0.383333 0.406250 0.379167 0.407813 0.377083 0.407813 0.372917 0.409375 0.370833 0.409375 0.306250 0.407813 0.304167 0.407813 0.289583 0.406250 0.287500 0.406250 0.281250 0.404687 0.279167 0.404687 0.272917 0.403125 0.270833 0.403125 0.262500 0.401562 0.260417 0.401562 0.258333 0.400000 0.258333 0.398438 0.256250 0.396875 0.256250 0.395313 0.254167 0.393750 0.254167
1 0.445312 0.110417 0.445312 0.120833 0.446875 0.122917 0.446875 0.125000 0.448437 0.127083 0.450000 0.127083 0.451562 0.129167 0.453125 0.127083 0.454688 0.127083 0.454688 0.110417
1 0.164062 0.066667 0.165625 0.066667 0.167187 0.068750 0.168750 0.068750 0.170313 0.070833 0.185938 0.070833 0.187500 0.072917 0.193750 0.072917 0.195312 0.075000 0.215625 0.075000 0.217188 0.077083 0.217188 0.079167 0.218750 0.081250 0.218750 0.102083 0.217188 0.104167 0.217188 0.129167 0.215625 0.131250 0.215625 0.145833 0.214062 0.147917 0.214062 0.225000 0.215625 0.227083 0.215625 0.231250 0.217188 0.231250 0.220312 0.227083 0.221875 0.227083 0.223438 0.225000 0.229687 0.225000 0.231250 0.222917 0.232813 0.225000 0.234375 0.225000 0.235937 0.227083 0.235937 0.220833 0.237500 0.218750 0.237500 0.216667 0.239063 0.214583 0.239063 0.212500 0.240625 0.210417 0.240625 0.208333 0.243750 0.204167 0.243750 0.202083 0.248438 0.195833 0.250000 0.195833 0.253125 0.191667 0.260937 0.191667 0.262500 0.189583 0.281250 0.189583 0.282813 0.191667 0.285938 0.191667 0.289062 0.187500 0.287500 0.185417 0.287500 0.183333 0.290625 0.179167 0.290625 0.177083 0.292187 0.175000 0.292187 0.172917 0.295312 0.168750 0.295312 0.166667 0.296875 0.164583 0.296875 0.162500 0.298438 0.160417 0.298438 0.158333 0.300000 0.156250 0.300000 0.152083 0.301563 0.150000 0.301563 0.147917 0.304688 0.143750 0.304688 0.141667 0.306250 0.139583 0.306250 0.137500 0.307812 0.135417 0.307812 0.133333 0.315625 0.122917 0.315625 0.120833 0.323437 0.110417 0.323437 0.106250 0.329688 0.097917 0.329688 0.095833 0.331250 0.093750 0.331250 0.091667 0.329688 0.089583 0.323437 0.089583 0.321875 0.087500 0.312500 0.087500 0.310937 0.085417 0.298438 0.085417 0.296875 0.083333 0.285938 0.083333 0.284375 0.081250 0.275000 0.081250 0.273438 0.079167 0.262500 0.079167 0.260937 0.077083 0.243750 0.077083 0.242188 0.075000 0.231250 0.075000 0.229687 0.072917 0.210938 0.072917 0.209375 0.070833 0.193750 0.070833 0.192188 0.068750 0.182812 0.068750 0.181250 0.066667