0 0.201563 0.462500 0.200000 0.464583 0.198437 0.464583 0.196875 0.466667 0.193750 0.466667 0.192188 0.468750 0.187500 0.468750 0.184375 0.472917 0.184375 0.477083 0.182812 0.479167 0.182812 0.481250 0.178125 0.487500 0.176563 0.487500 0.175000 0.489583 0.168750 0.489583 0.167187 0.491667 0.132812 0.491667 0.131250 0.489583 0.100000 0.489583 0.098437 0.487500 0.095312 0.487500 0.093750 0.489583 0.085938 0.489583 0.082812 0.485417 0.081250 0.485417 0.079687 0.483333 0.073438 0.483333 0.071875 0.485417 0.070312 0.485417 0.070312 0.489583 0.068750 0.491667 0.068750 0.500000 0.073438 0.506250 0.073438 0.510417 0.064062 0.522917 0.064062 0.525000 0.060937 0.529167 0.060937 0.533333 0.059375 0.535417 0.059375 0.537500 0.057813 0.539583 0.057813 0.543750 0.056250 0.545833 0.056250 0.547917 0.054688 0.550000 0.054688 0.552083 0.053125 0.554167 0.053125 0.556250 0.051562 0.558333 0.051562 0.562500 0.050000 0.564583 0.050000 0.566667 0.046875 0.570833 0.046875 0.572917 0.031250 0.593750 0.029687 0.593750 0.020313 0.606250 0.018750 0.606250 0.009375 0.618750 0.007812 0.618750 0.001563 0.627083 0.000000 0.627083 0.000000 0.772917 0.001563 0.772917 0.001563 0.770833 0.009375 0.760417 0.009375 0.758333 0.014063 0.752083 0.014063 0.750000 0.017188 0.745833 0.017188 0.743750 0.023438 0.735417 0.023438 0.733333 0.025000 0.731250 0.026562 0.731250 0.026562 0.729167 0.048438 0.700000 0.050000 0.700000 0.073438 0.668750 0.075000 0.668750 0.075000 0.666667 0.084375 0.654167 0.084375 0.652083 0.085938 0.650000 0.087500 0.650000 0.087500 0.647917 0.089063 0.645833 0.090625 0.645833 0.090625 0.643750 0.114062 0.612500 0.115625 0.612500 0.120313 0.606250 0.121875 0.606250 0.121875 0.604167 0.123438 0.602083 0.125000 0.602083 0.129688 0.595833 0.131250 0.595833 0.134375 0.591667 0.135937 0.591667 0.140625 0.585417 0.142187 0.585417 0.145313 0.581250 0.146875 0.581250 0.151562 0.575000 0.153125 0.575000 0.160938 0.564583 0.162500 0.564583 0.171875 0.552083 0.171875 0.550000 0.175000 0.545833 0.175000 0.543750 0.179688 0.537500 0.179688 0.535417 0.182812 0.531250 0.182812 0.529167 0.184375 0.527083 0.184375 0.525000 0.189062 0.518750 0.189062 0.516667 0.192188 0.512500 0.192188 0.510417 0.195312 0.506250 0.195312 0.504167 0.196875 0.502083 0.196875 0.500000 0.198437 0.497917 0.198437 0.495833 0.201563 0.491667 0.201563 0.489583 0.203125 0.487500 0.203125 0.485417 0.206250 0.481250 0.206250 0.477083 0.207813 0.475000 0.207813 0.462500
0 0.078125 0.200000 0.076563 0.202083 0.051562 0.202083 0.050000 0.204167 0.028125 0.204167 0.026562 0.206250 0.000000 0.206250 0.000000 0.350000 0.006250 0.350000 0.007812 0.347917 0.010937 0.347917 0.012500 0.345833 0.015625 0.345833 0.017188 0.343750 0.020313 0.343750 0.021875 0.341667 0.025000 0.341667 0.026562 0.339583 0.032813 0.339583 0.034375 0.337500 0.039062 0.337500 0.040625 0.335417 0.046875 0.335417 0.048438 0.333333 0.054688 0.333333 0.056250 0.331250 0.062500 0.331250 0.064062 0.329167 0.068750 0.329167 0.070312 0.327083 0.073438 0.327083 0.075000 0.325000 0.079687 0.325000 0.081250 0.322917 0.082812 0.322917 0.085938 0.318750 0.085938 0.316667 0.087500 0.314583 0.087500 0.312500 0.089063 0.310417 0.089063 0.306250 0.090625 0.304167 0.090625 0.302083 0.092188 0.300000 0.092188 0.293750 0.093750 0.291667 0.093750 0.289583 0.095312 0.287500 0.095312 0.285417 0.096875 0.283333 0.096875 0.279167 0.098437 0.277083 0.098437 0.272917 0.100000 0.270833 0.100000 0.268750 0.101562 0.266667 0.101562 0.262500 0.103125 0.260417 0.103125 0.256250 0.104688 0.254167 0.104688 0.250000 0.106250 0.247917 0.106250 0.243750 0.107813 0.241667 0.107813 0.239583 0.109375 0.237500 0.109375 0.233333 0.110937 0.231250 0.110937 0.227083 0.112500 0.225000 0.112500 0.222917 0.114062 0.220833 0.114062 0.216667 0.115625 0.214583 0.115625 0.204167 0.114062 0.202083 0.112500 0.202083 0.110937 0.200000
0 0.243750 0.191667 0.242188 0.193750 0.229687 0.193750 0.228125 0.195833 0.223438 0.195833 0.221875 0.197917 0.215625 0.197917 0.215625 0.200000 0.210938 0.206250 0.210938 0.214583 0.209375 0.216667 0.209375 0.233333 0.207813 0.235417 0.207813 0.237500 0.209375 0.239583 0.207813 0.241667 0.209375 0.243750 0.209375 0.247917 0.207813 0.250000 0.207813 0.252083 0.209375 0.254167 0.209375 0.262500 0.210938 0.264583 0.218750 0.264583 0.220312 0.266667 0.221875 0.264583 0.228125 0.264583 0.229687 0.262500 0.237500 0.262500 0.239063 0.260417 0.256250 0.260417 0.257812 0.258333 0.264062 0.258333 0.265625 0.256250 0.267188 0.256250 0.268750 0.258333 0.271875 0.258333 0.271875 0.254167 0.273438 0.252083 0.273438 0.241667 0.271875 0.239583 0.271875 0.231250 0.270313 0.229167 0.270313 0.225000 0.265625 0.218750 0.262500 0.218750 0.254688 0.208333 0.254688 0.206250 0.253125 0.204167 0.253125 0.202083 0.251563 0.200000 0.251563 0.197917 0.250000 0.195833 0.250000 0.193750 0.245312 0.193750
0 0.398438 0.087500 0.396875 0.089583 0.393750 0.089583 0.392188 0.091667 0.389062 0.091667 0.387500 0.093750 0.385937 0.093750 0.384375 0.095833 0.382812 0.095833 0.381250 0.097917 0.379688 0.097917 0.378125 0.100000 0.376563 0.100000 0.375000 0.102083 0.373437 0.102083 0.371875 0.104167 0.370312 0.104167 0.367188 0.108333 0.365625 0.108333 0.364063 0.110417 0.362500 0.110417 0.359375 0.114583 0.357812 0.114583 0.356250 0.116667 0.354687 0.116667 0.351562 0.120833 0.350000 0.120833 0.348438 0.122917 0.346875 0.122917 0.343750 0.127083 0.342187 0.127083 0.339062 0.131250 0.337500 0.131250 0.329688 0.141667 0.328125 0.141667 0.321875 0.150000 0.320312 0.150000 0.315625 0.156250 0.314063 0.156250 0.312500 0.158333 0.312500 0.160417 0.303125 0.172917 0.303125 0.175000 0.304688 0.177083 0.304688 0.193750 0.306250 0.195833 0.306250 0.200000 0.304688 0.202083 0.304688 0.206250 0.303125 0.208333 0.303125 0.210417 0.301563 0.212500 0.301563 0.214583 0.300000 0.216667 0.300000 0.237500 0.301563 0.239583 0.301563 0.247917 0.303125 0.250000 0.307812 0.250000 0.309375 0.252083 0.310937 0.250000 0.312500 0.250000 0.314063 0.247917 0.321875 0.247917 0.323437 0.245833 0.332813 0.245833 0.334375 0.243750 0.342187 0.243750 0.343750 0.241667 0.350000 0.241667 0.351562 0.239583 0.356250 0.239583 0.357812 0.237500 0.364063 0.237500 0.365625 0.235417 0.368750 0.235417 0.370312 0.233333 0.375000 0.233333 0.376563 0.231250 0.382812 0.231250 0.384375 0.229167 0.387500 0.229167 0.389062 0.227083 0.390625 0.227083 0.392188 0.225000 0.393750 0.225000 0.396875 0.220833 0.396875 0.216667 0.395313 0.214583 0.395313 0.204167 0.393750 0.204167 0.392188 0.202083 0.390625 0.202083 0.385937 0.195833 0.385937 0.193750 0.384375 0.191667 0.384375 0.189583 0.385937 0.187500 0.385937 0.185417 0.387500 0.183333 0.387500 0.177083 0.392188 0.170833 0.392188 0.168750 0.395313 0.164583 0.395313 0.162500 0.407813 0.145833 0.409375 0.145833 0.410938 0.143750 0.417187 0.143750 0.418750 0.141667 0.426563 0.141667 0.428125 0.139583 0.429688 0.139583 0.431250 0.137500 0.432812 0.137500 0.442188 0.150000 0.443750 0.150000 0.445312 0.152083 0.448437 0.152083 0.450000 0.154167 0.454688 0.154167 0.456250 0.152083 0.459375 0.152083 0.465625 0.143750 0.467187 0.143750 0.468750 0.141667 0.470313 0.141667 0.470313 0.139583 0.471875 0.137500 0.471875 0.131250 0.465625 0.122917 0.464062 0.122917 0.453125 0.108333 0.451562 0.108333 0.450000 0.106250 0.448437 0.106250 0.446875 0.104167 0.445312 0.104167 0.443750 0.102083 0.440625 0.102083 0.439063 0.100000 0.435937 0.100000 0.434375 0.097917 0.429688 0.097917 0.428125 0.095833 0.425000 0.095833 0.423438 0.093750 0.421875 0.093750 0.420312 0.091667 0.415625 0.091667 0.414062 0.089583 0.409375 0.089583 0.407813 0.087500
2 0.201563 0.916667 0.200000 0.918750 0.185938 0.918750 0.184375 0.920833 0.179688 0.920833 0.178125 0.922917 0.178125 0.929167 0.176563 0.931250 0.176563 0.954167 0.175000 0.956250 0.175000 0.972917 0.173437 0.975000 0.173437 0.997917 0.214062 0.997917 0.215625 0.995833 0.215625 0.972917 0.217188 0.970833 0.217188 0.922917 0.215625 0.920833 0.215625 0.918750 0.214062 0.918750 0.212500 0.916667
2 0.162500 0.072917 0.159375 0.077083 0.159375 0.081250 0.157812 0.083333 0.157812 0.085417 0.156250 0.087500 0.156250 0.091667 0.154688 0.093750 0.154688 0.097917 0.153125 0.100000 0.153125 0.102083 0.151562 0.104167 0.151562 0.110417 0.150000 0.112500 0.150000 0.114583 0.148438 0.116667 0.148438 0.120833 0.146875 0.122917 0.146875 0.127083 0.145313 0.129167 0.145313 0.133333 0.143750 0.135417 0.143750 0.139583 0.142187 0.141667 0.142187 0.143750 0.140625 0.145833 0.140625 0.147917 0.139063 0.150000 0.139063 0.152083 0.137500 0.154167 0.137500 0.158333 0.135937 0.160417 0.135937 0.162500 0.134375 0.164583 0.134375 0.166667 0.132812 0.168750 0.132812 0.172917 0.129688 0.177083 0.129688 0.179167 0.128125 0.181250 0.128125 0.183333 0.126562 0.185417 0.126562 0.189583 0.125000 0.191667 0.125000 0.193750 0.123438 0.195833 0.123438 0.197917 0.121875 0.200000 0.121875 0.202083 0.120313 0.204167 0.120313 0.210417 0.118750 0.212500 0.118750 0.216667 0.115625 0.220833 0.115625 0.225000 0.114062 0.227083 0.114062 0.231250 0.112500 0.233333 0.112500 0.237500 0.110937 0.239583 0.110937 0.241667 0.109375 0.243750 0.109375 0.245833 0.107813 0.247917 0.107813 0.252083 0.106250 0.254167 0.106250 0.258333 0.104688 0.260417 0.104688 0.264583 0.103125 0.266667 0.103125 0.268750 0.101562 0.270833 0.101562 0.275000 0.100000 0.277083 0.100000 0.281250 0.098437 0.283333 0.098437 0.285417 0.096875 0.287500 0.096875 0.291667 0.095312 0.293750 0.095312 0.297917 0.093750 0.300000 0.093750 0.302083 0.092188 0.304167 0.092188 0.308333 0.090625 0.310417 0.090625 0.314583 0.089063 0.316667 0.089063 0.320833 0.087500 0.322917 0.087500 0.325000 0.085938 0.327083 0.085938 0.331250 0.084375 0.333333 0.084375 0.337500 0.082812 0.339583 0.082812 0.341667 0.081250 0.343750 0.081250 0.345833 0.079687 0.347917 0.079687 0.352083 0.078125 0.354167 0.078125 0.356250 0.076563 0.358333 0.076563 0.362500 0.075000 0.364583 0.075000 0.370833 0.071875 0.375000 0.071875 0.387500 0.073438 0.389583 0.073438 0.406250 0.075000 0.408333 0.075000 0.425000 0.076563 0.427083 0.076563 0.460417 0.078125 0.462500 0.078125 0.470833 0.079687 0.472917 0.079687 0.477083 0.084375 0.483333 0.098437 0.483333 0.100000 0.485417 0.140625 0.485417 0.142187 0.487500 0.156250 0.487500 0.157812 0.485417 0.159375 0.485417 0.160938 0.487500 0.162500 0.485417 0.171875 0.485417 0.173437 0.483333 0.176563 0.483333 0.179688 0.479167 0.179688 0.475000 0.181250 0.472917 0.181250 0.466667 0.182812 0.464583 0.182812 0.441667 0.184375 0.439583 0.184375 0.437500 0.182812 0.435417 0.182812 0.433333 0.184375 0.431250 0.184375 0.425000 0.185938 0.422917 0.184375 0.420833 0.184375 0.416667 0.185938 0.414583 0.185938 0.404167 0.184375 0.402083 0.185938 0.400000 0.185938 0.387500 0.187500 0.385417 0.187500 0.377083 0.189062 0.375000 0.189062 0.360417 0.190625 0.358333 0.190625 0.354167 0.192188 0.352083 0.192188 0.335417 0.193750 0.333333 0.193750 0.331250 0.195312 0.329167 0.195312 0.327083 0.193750 0.325000 0.195312 0.322917 0.195312 0.316667 0.196875 0.314583 0.196875 0.304167 0.198437 0.302083 0.198437 0.291667 0.200000 0.289583 0.200000 0.275000 0.201563 0.272917 0.201563 0.241667 0.203125 0.239583 0.203125 0.235417 0.201563 0.233333 0.201563 0.225000 0.203125 0.222917 0.203125 0.206250 0.204687 0.204167 0.204687 0.175000 0.206250 0.172917 0.206250 0.164583 0.207813 0.162500 0.207813 0.158333 0.209375 0.156250 0.209375 0.147917 0.210938 0.145833 0.210938 0.131250 0.212500 0.129167 0.212500 0.122917 0.214062 0.120833 0.214062 0.110417 0.215625 0.108333 0.215625 0.095833 0.217188 0.093750 0.217188 0.083333 0.214062 0.079167 0.210938 0.079167 0.209375 0.077083 0.196875 0.077083 0.195312 0.075000 0.184375 0.075000 0.182812 0.072917
2 0.423438 0.156250 0.423438 0.160417 0.421875 0.162500 0.421875 0.166667 0.420312 0.168750 0.420312 0.170833 0.418750 0.172917 0.418750 0.197917 0.420312 0.200000 0.420312 0.210417 0.421875 0.212500 0.421875 0.225000 0.423438 0.227083 0.423438 0.235417 0.425000 0.237500 0.425000 0.250000 0.426563 0.252083 0.426563 0.266667 0.428125 0.268750 0.428125 0.279167 0.429688 0.281250 0.429688 0.291667 0.431250 0.293750 0.431250 0.295833 0.429688 0.297917 0.431250 0.300000 0.431250 0.308333 0.432812 0.310417 0.432812 0.318750 0.434375 0.320833 0.434375 0.329167 0.435937 0.331250 0.435937 0.350000 0.437500 0.352083 0.437500 0.360417 0.439063 0.362500 0.439063 0.368750 0.440625 0.370833 0.440625 0.383333 0.442188 0.385417 0.442188 0.397917 0.443750 0.400000 0.443750 0.416667 0.445312 0.418750 0.443750 0.420833 0.443750 0.427083 0.442188 0.429167 0.442188 0.433333 0.440625 0.435417 0.440625 0.441667 0.439063 0.443750 0.439063 0.447917 0.437500 0.450000 0.437500 0.452083 0.435937 0.454167 0.435937 0.464583 0.434375 0.466667 0.434375 0.468750 0.432812 0.470833 0.432812 0.475000 0.431250 0.477083 0.431250 0.483333 0.429688 0.485417 0.429688 0.489583 0.428125 0.491667 0.428125 0.497917 0.426563 0.500000 0.426563 0.510417 0.428125 0.512500 0.431250 0.512500 0.432812 0.514583 0.439063 0.514583 0.440625 0.516667 0.448437 0.516667 0.450000 0.518750 0.457813 0.518750 0.459375 0.520833 0.467187 0.520833 0.468750 0.522917 0.476562 0.522917 0.478125 0.525000 0.484375 0.525000 0.485938 0.527083 0.495312 0.527083 0.496875 0.529167 0.504687 0.529167 0.506250 0.527083 0.506250 0.525000 0.507812 0.522917 0.507812 0.520833 0.509375 0.518750 0.509375 0.514583 0.510938 0.512500 0.510938 0.508333 0.512500 0.506250 0.512500 0.504167 0.514062 0.502083 0.514062 0.500000 0.515625 0.497917 0.515625 0.493750 0.517188 0.491667 0.517188 0.487500 0.518750 0.485417 0.518750 0.483333 0.520312 0.481250 0.520312 0.477083 0.521875 0.475000 0.521875 0.470833 0.523438 0.468750 0.523438 0.464583 0.525000 0.462500 0.525000 0.458333 0.526563 0.456250 0.526563 0.452083 0.528125 0.450000 0.528125 0.445833 0.529687 0.443750 0.529687 0.427083 0.528125 0.425000 0.528125 0.418750 0.526563 0.416667 0.526563 0.410417 0.525000 0.408333 0.525000 0.406250 0.526563 0.404167 0.523438 0.400000 0.523438 0.395833 0.521875 0.393750 0.521875 0.389583 0.520312 0.387500 0.520312 0.379167 0.515625 0.372917 0.515625 0.368750 0.514062 0.366667 0.514062 0.360417 0.512500 0.358333 0.512500 0.354167 0.510938 0.352083 0.510938 0.347917 0.509375 0.345833 0.509375 0.341667 0.507812 0.339583 0.507812 0.337500 0.506250 0.335417 0.506250 0.331250 0.504687 0.329167 0.504687 0.325000 0.503125 0.322917 0.503125 0.318750 0.501563 0.316667 0.501563 0.312500 0.500000 0.310417 0.500000 0.306250 0.498437 0.304167 0.498437 0.300000 0.496875 0.297917 0.496875 0.291667 0.495312 0.289583 0.495312 0.285417 0.493750 0.283333 0.493750 0.279167 0.492188 0.277083 0.492188 0.275000 0.490625 0.272917 0.490625 0.270833 0.489063 0.268750 0.489063 0.264583 0.487500 0.262500 0.487500 0.258333 0.485938 0.256250 0.485938 0.245833 0.484375 0.243750 0.484375 0.239583 0.482812 0.237500 0.482812 0.233333 0.481250 0.231250 0.481250 0.225000 0.479687 0.222917 0.479687 0.220833 0.478125 0.218750 0.478125 0.210417 0.476562 0.208333 0.476562 0.204167 0.475000 0.202083 0.475000 0.195833 0.473438 0.193750 0.473438 0.185417 0.471875 0.183333 0.471875 0.181250 0.470313 0.179167 0.470313 0.175000 0.467187 0.170833 0.467187 0.168750 0.465625 0.166667 0.457813 0.166667 0.456250 0.164583 0.453125 0.164583 0.451562 0.166667 0.448437 0.166667 0.446875 0.164583 0.445312 0.164583 0.443750 0.166667 0.442188 0.164583 0.440625 0.164583 0.439063 0.162500 0.437500 0.162500 0.434375 0.158333 0.432812 0.158333 0.431250 0.156250 0.429688 0.156250 0.428125 0.158333 0.425000 0.158333
2 0.679688 0.027083 0.676562 0.031250 0.673438 0.031250 0.673438 0.033333 0.665625 0.043750 0.664062 0.043750 0.664062 0.045833 0.665625 0.047917 0.664062 0.050000 0.662500 0.050000 0.660937 0.052083 0.660937 0.056250 0.657813 0.060417 0.657813 0.062500 0.656250 0.064583 0.656250 0.089583 0.657813 0.091667 0.657813 0.097917 0.660937 0.102083 0.660937 0.104167 0.664062 0.108333 0.664062 0.110417 0.667188 0.114583 0.667188 0.116667 0.670312 0.120833 0.670312 0.122917 0.671875 0.122917 0.673438 0.125000 0.673438 0.127083 0.675000 0.129167 0.675000 0.131250 0.676562 0.133333 0.676562 0.135417 0.681250 0.141667 0.681250 0.143750 0.684375 0.147917 0.684375 0.150000 0.687500 0.154167 0.687500 0.156250 0.689063 0.158333 0.689063 0.160417 0.692187 0.164583 0.692187 0.166667 0.695312 0.170833 0.695312 0.172917 0.698438 0.177083 0.698438 0.179167 0.701562 0.183333 0.701562 0.185417 0.703125 0.187500 0.703125 0.189583 0.707812 0.195833 0.707812 0.197917 0.710938 0.202083 0.710938 0.204167 0.715625 0.210417 0.715625 0.212500 0.718750 0.216667 0.718750 0.218750 0.723437 0.225000 0.723437 0.227083 0.725000 0.229167 0.725000 0.231250 0.728125 0.235417 0.728125 0.237500 0.732812 0.243750 0.732812 0.245833 0.735938 0.250000 0.735938 0.252083 0.740625 0.258333 0.740625 0.260417 0.742188 0.262500 0.742188 0.264583 0.746875 0.270833 0.746875 0.272917 0.750000 0.277083 0.750000 0.279167 0.751563 0.281250 0.751563 0.283333 0.756250 0.289583 0.756250 0.291667 0.759375 0.295833 0.759375 0.297917 0.764062 0.304167 0.764062 0.306250 0.767188 0.310417 0.767188 0.312500 0.773438 0.320833 0.773438 0.322917 0.775000 0.322917 0.776563 0.325000 0.776563 0.327083 0.778125 0.329167 0.792188 0.329167 0.793750 0.331250 0.793750 0.333333 0.793750 0.329167 0.787500 0.329167 0.785937 0.327083 0.782813 0.327083 0.781250 0.325000 0.782813 0.322917 0.787500 0.322917 0.789062 0.320833 0.793750 0.320833 0.798438 0.314583 0.800000 0.314583 0.801562 0.316667 0.801562 0.314583 0.803125 0.312500 0.804688 0.312500 0.803125 0.310417 0.803125 0.308333 0.804688 0.306250 0.807813 0.306250 0.809375 0.308333 0.809375 0.306250 0.814063 0.300000 0.815625 0.300000 0.815625 0.297917 0.812500 0.293750 0.812500 0.289583 0.810937 0.287500 0.810937 0.279167 0.809375 0.277083 0.809375 0.275000 0.806250 0.270833 0.806250 0.266667 0.801562 0.260417 0.801562 0.258333 0.798438 0.254167 0.798438 0.252083 0.795312 0.247917 0.795312 0.245833 0.793750 0.243750 0.793750 0.241667 0.792188 0.239583 0.792188 0.237500 0.787500 0.231250 0.787500 0.229167 0.785937 0.227083 0.785937 0.225000 0.784375 0.222917 0.784375 0.220833 0.781250 0.216667 0.781250 0.214583 0.779687 0.212500 0.779687 0.210417 0.778125 0.208333 0.778125 0.206250 0.776563 0.204167 0.776563 0.202083 0.773438 0.197917 0.773438 0.195833 0.771875 0.193750 0.771875 0.191667 0.767188 0.185417 0.767188 0.183333 0.762500 0.177083 0.762500 0.175000 0.751563 0.160417 0.751563 0.158333 0.750000 0.156250 0.750000 0.152083 0.748437 0.150000 0.748437 0.147917 0.743750 0.141667 0.743750 0.137500 0.737500 0.129167 0.737500 0.127083 0.735938 0.125000 0.735938 0.122917 0.732812 0.118750 0.732812 0.116667 0.729688 0.112500 0.729688 0.110417 0.721875 0.100000 0.721875 0.097917 0.720313 0.095833 0.720313 0.091667 0.717187 0.087500 0.717187 0.085417 0.714063 0.081250 0.714063 0.079167 0.712500 0.077083 0.712500 0.075000 0.710938 0.072917 0.710938 0.070833 0.709375 0.068750 0.709375 0.066667 0.707812 0.064583 0.707812 0.062500 0.706250 0.060417 0.706250 0.058333 0.703125 0.054167 0.703125 0.052083 0.700000 0.047917 0.700000 0.043750 0.692187 0.033333 0.692187 0.031250 0.690625 0.029167 0.689063 0.029167 0.687500 0.027083
3 0.512500 0.350000 0.512500 0.364583 0.514062 0.366667 0.514062 0.370833 0.515625 0.372917 0.515625 0.375000 0.517188 0.377083 0.517188 0.383333 0.518750 0.385417 0.518750 0.389583 0.520312 0.391667 0.520312 0.393750 0.521875 0.395833 0.521875 0.397917 0.523438 0.400000 0.523438 0.404167 0.525000 0.406250 0.525000 0.408333 0.526563 0.410417 0.526563 0.412500 0.529687 0.416667 0.529687 0.418750 0.535937 0.427083 0.537500 0.427083 0.540625 0.431250 0.542188 0.431250 0.548438 0.439583 0.550000 0.439583 0.557813 0.450000 0.559375 0.450000 0.562500 0.454167 0.562500 0.456250 0.565625 0.460417 0.567187 0.460417 0.571875 0.466667 0.573438 0.466667 0.576562 0.470833 0.576562 0.472917 0.578125 0.475000 0.579688 0.475000 0.582812 0.479167 0.585938 0.479167 0.587500 0.477083 0.589063 0.477083 0.589063 0.475000 0.590625 0.472917 0.590625 0.470833 0.589063 0.468750 0.589063 0.466667 0.570312 0.441667 0.568750 0.441667 0.559375 0.429167 0.557813 0.429167 0.556250 0.427083 0.556250 0.425000 0.554688 0.425000 0.551562 0.420833 0.551562 0.418750 0.546875 0.412500 0.546875 0.410417 0.545312 0.408333 0.545312 0.406250 0.543750 0.404167 0.543750 0.402083 0.542188 0.400000 0.542188 0.397917 0.540625 0.395833 0.540625 0.393750 0.539062 0.391667 0.539062 0.389583 0.537500 0.387500 0.537500 0.385417 0.525000 0.368750 0.525000 0.366667 0.520312 0.360417 0.520312 0.358333 0.514062 0.350000
4 0.398438 0.316667 0.396875 0.318750 0.393750 0.318750 0.392188 0.320833 0.390625 0.320833 0.389062 0.322917 0.385937 0.322917 0.384375 0.325000 0.382812 0.325000 0.381250 0.327083 0.379688 0.327083 0.378125 0.329167 0.375000 0.329167 0.371875 0.333333 0.370312 0.333333 0.368750 0.335417 0.367188 0.335417 0.365625 0.337500 0.364063 0.337500 0.362500 0.339583 0.359375 0.339583 0.357812 0.341667 0.356250 0.341667 0.354687 0.343750 0.353125 0.343750 0.351562 0.345833 0.348438 0.345833 0.346875 0.347917 0.345313 0.347917 0.342187 0.352083 0.340625 0.352083 0.339062 0.354167 0.337500 0.354167 0.335938 0.356250 0.334375 0.356250 0.332813 0.358333 0.331250 0.358333 0.329688 0.360417 0.326562 0.360417 0.325000 0.362500 0.323437 0.362500 0.321875 0.364583 0.320312 0.364583 0.318750 0.366667 0.317188 0.366667 0.315625 0.368750 0.314063 0.368750 0.312500 0.370833 0.310937 0.370833 0.309375 0.372917 0.307812 0.372917 0.306250 0.375000 0.304688 0.375000 0.303125 0.377083 0.300000 0.377083 0.298438 0.379167 0.296875 0.379167 0.295312 0.381250 0.293750 0.381250 0.292187 0.383333 0.290625 0.383333 0.289062 0.385417 0.287500 0.385417 0.285938 0.387500 0.282813 0.387500 0.281250 0.389583 0.279687 0.389583 0.278125 0.391667 0.276562 0.391667 0.275000 0.393750 0.273438 0.393750 0.271875 0.395833 0.270313 0.395833 0.268750 0.397917 0.267188 0.397917 0.265625 0.400000 0.264062 0.400000 0.262500 0.402083 0.260937 0.402083 0.259375 0.404167 0.257812 0.404167 0.256250 0.406250 0.253125 0.406250 0.251563 0.408333 0.250000 0.408333 0.248438 0.410417 0.246875 0.410417 0.245312 0.412500 0.243750 0.412500 0.242188 0.414583 0.240625 0.414583 0.239063 0.416667 0.237500 0.416667 0.235937 0.418750 0.232813 0.418750 0.231250 0.420833 0.229687 0.420833 0.228125 0.422917 0.226562 0.422917 0.225000 0.425000 0.223438 0.425000 0.221875 0.427083 0.220312 0.427083 0.218750 0.429167 0.217188 0.429167 0.215625 0.431250 0.214062 0.431250 0.212500 0.433333 0.210938 0.433333 0.209375 0.435417 0.206250 0.435417 0.204687 0.437500 0.203125 0.437500 0.201563 0.439583 0.200000 0.439583 0.198437 0.441667 0.196875 0.441667 0.195312 0.443750 0.192188 0.443750 0.190625 0.445833 0.189062 0.445833 0.185938 0.450000 0.185938 0.464583 0.193750 0.464583 0.195312 0.462500 0.196875 0.462500 0.198437 0.460417 0.200000 0.460417 0.201563 0.458333 0.204687 0.458333 0.206250 0.456250 0.209375 0.456250 0.210938 0.454167 0.212500 0.454167 0.214062 0.452083 0.215625 0.452083 0.217188 0.450000 0.218750 0.450000 0.220312 0.447917 0.221875 0.447917 0.223438 0.445833 0.225000 0.445833 0.228125 0.441667 0.229687 0.441667 0.231250 0.439583 0.232813 0.439583 0.234375 0.437500 0.235937 0.437500 0.237500 0.435417 0.239063 0.435417 0.240625 0.433333 0.242188 0.433333 0.243750 0.431250 0.245312 0.431250 0.246875 0.429167 0.248438 0.429167 0.250000 0.427083 0.251563 0.427083 0.253125 0.425000 0.254688 0.425000 0.256250 0.422917 0.257812 0.422917 0.259375 0.420833 0.260937 0.420833 0.262500 0.418750 0.264062 0.418750 0.265625 0.416667 0.268750 0.416667 0.270313 0.414583 0.271875 0.414583 0.273438 0.412500 0.275000 0.412500 0.276562 0.410417 0.278125 0.410417 0.279687 0.408333 0.281250 0.408333 0.282813 0.406250 0.284375 0.406250 0.285938 0.404167 0.287500 0.404167 0.289062 0.402083 0.290625 0.402083 0.292187 0.400000 0.295312 0.400000 0.296875 0.397917 0.298438 0.397917 0.300000 0.395833 0.301563 0.395833 0.303125 0.393750 0.306250 0.393750 0.307812 0.391667 0.309375 0.391667 0.310937 0.389583 0.312500 0.389583 0.314063 0.387500 0.315625 0.387500 0.317188 0.385417 0.318750 0.385417 0.321875 0.381250 0.323437 0.381250 0.325000 0.379167 0.328125 0.379167 0.329688 0.377083 0.331250 0.377083 0.332813 0.375000 0.334375 0.375000 0.335938 0.372917 0.339062 0.372917 0.340625 0.370833 0.342187 0.370833 0.343750 0.368750 0.345313 0.368750 0.346875 0.366667 0.348438 0.366667 0.350000 0.364583 0.351562 0.364583 0.353125 0.362500 0.354687 0.362500 0.356250 0.360417 0.357812 0.360417 0.359375 0.358333 0.360938 0.358333 0.362500 0.356250 0.364063 0.356250 0.365625 0.354167 0.367188 0.354167 0.368750 0.352083 0.370312 0.352083 0.371875 0.350000 0.373437 0.350000 0.376563 0.345833 0.379688 0.345833 0.381250 0.343750 0.382812 0.343750 0.384375 0.341667 0.387500 0.341667 0.389062 0.339583 0.390625 0.339583 0.392188 0.337500 0.396875 0.337500 0.398438 0.335417 0.400000 0.335417 0.401562 0.337500 0.404687 0.337500 0.407813 0.341667 0.410938 0.337500 0.410938 0.331250 0.409375 0.329167 0.409375 0.320833 0.407813 0.318750 0.406250 0.318750 0.404687 0.316667
1 0.392188 0.339583 0.389062 0.343750 0.387500 0.343750 0.385937 0.345833 0.382812 0.345833 0.381250 0.347917 0.379688 0.347917 0.378125 0.350000 0.375000 0.350000 0.371875 0.354167 0.370312 0.354167 0.368750 0.356250 0.367188 0.356250 0.365625 0.358333 0.364063 0.358333 0.362500 0.360417 0.360938 0.360417 0.359375 0.362500 0.357812 0.362500 0.356250 0.364583 0.354687 0.364583 0.353125 0.366667 0.351562 0.366667 0.350000 0.368750 0.348438 0.368750 0.346875 0.370833 0.343750 0.370833 0.342187 0.372917 0.340625 0.372917 0.339062 0.375000 0.337500 0.375000 0.335938 0.377083 0.334375 0.377083 0.332813 0.379167 0.331250 0.379167 0.329688 0.381250 0.328125 0.381250 0.326562 0.383333 0.323437 0.383333 0.321875 0.385417 0.320312 0.385417 0.317188 0.389583 0.315625 0.389583 0.314063 0.391667 0.312500 0.391667 0.310937 0.393750 0.307812 0.393750 0.306250 0.395833 0.304688 0.395833 0.303125 0.397917 0.301563 0.397917 0.300000 0.400000 0.296875 0.400000 0.295312 0.402083 0.293750 0.402083 0.292187 0.404167 0.290625 0.404167 0.289062 0.406250 0.287500 0.406250 0.285938 0.408333 0.284375 0.408333 0.282813 0.410417 0.281250 0.410417 0.279687 0.412500 0.278125 0.412500 0.276562 0.414583 0.275000 0.414583 0.273438 0.416667 0.271875 0.416667 0.270313 0.418750 0.268750 0.418750 0.267188 0.420833 0.264062 0.420833 0.262500 0.422917 0.260937 0.422917 0.259375 0.425000 0.257812 0.425000 0.256250 0.427083 0.254688 0.427083 0.253125 0.429167 0.251563 0.429167 0.250000 0.431250 0.248438 0.431250 0.246875 0.433333 0.245312 0.433333 0.243750 0.435417 0.242188 0.435417 0.240625 0.437500 0.239063 0.437500 0.235937 0.441667 0.234375 0.441667 0.232813 0.443750 0.231250 0.443750 0.229687 0.445833 0.228125 0.445833 0.226562 0.447917 0.225000 0.447917 0.223438 0.450000 0.221875 0.450000 0.218750 0.454167 0.217188 0.454167 0.214062 0.458333 0.214062 0.466667 0.212500 0.468750 0.212500 0.475000 0.210938 0.477083 0.210938 0.481250 0.209375 0.483333 0.209375 0.485417 0.207813 0.487500 0.207813 0.489583 0.206250 0.491667 0.206250 0.493750 0.204687 0.495833 0.204687 0.497917 0.201563 0.502083 0.201563 0.504167 0.200000 0.506250 0.200000 0.508333 0.196875 0.512500 0.196875 0.514583 0.193750 0.518750 0.193750 0.520833 0.192188 0.522917 0.192188 0.525000 0.190625 0.527083 0.190625 0.529167 0.185938 0.535417 0.185938 0.537500 0.182812 0.541667 0.182812 0.543750 0.178125 0.550000 0.178125 0.552083 0.173437 0.558333 0.173437 0.575000 0.171875 0.577083 0.171875 0.583333 0.173437 0.585417 0.173437 0.587500 0.171875 0.589583 0.171875 0.591667 0.170313 0.593750 0.170313 0.597917 0.168750 0.600000 0.168750 0.606250 0.165625 0.610417 0.165625 0.625000 0.168750 0.625000 0.170313 0.627083 0.170313 0.631250 0.171875 0.633333 0.171875 0.635417 0.173437 0.637500 0.173437 0.639583 0.175000 0.641667 0.175000 0.643750 0.173437 0.645833 0.173437 0.652083 0.175000 0.654167 0.175000 0.725000 0.176563 0.727083 0.176563 0.797917 0.178125 0.800000 0.178125 0.852083 0.179688 0.854167 0.179688 0.858333 0.178125 0.860417 0.179688 0.862500 0.179688 0.900000 0.181250 0.902083 0.181250 0.912500 0.184375 0.916667 0.206250 0.916667 0.207813 0.914583 0.209375 0.914583 0.210938 0.916667 0.215625 0.916667 0.217188 0.918750 0.217188 0.927083 0.218750 0.929167 0.218750 0.941667 0.221875 0.945833 0.260937 0.945833 0.262500 0.943750 0.293750 0.943750 0.295312 0.941667 0.334375 0.941667 0.335938 0.939583 0.350000 0.939583 0.351562 0.937500 0.354687 0.937500 0.356250 0.939583 0.357812 0.939583 0.359375 0.937500 0.367188 0.937500 0.368750 0.935417 0.368750 0.931250 0.370312 0.929167 0.370312 0.916667 0.371875 0.914583 0.371875 0.904167 0.373437 0.902083 0.373437 0.893750 0.375000 0.891667 0.375000 0.877083 0.376563 0.875000 0.376563 0.866667 0.378125 0.864583 0.378125 0.850000 0.379688 0.847917 0.379688 0.835417 0.381250 0.833333 0.381250 0.822917 0.382812 0.820833 0.382812 0.806250 0.384375 0.804167 0.384375 0.793750 0.385937 0.791667 0.385937 0.779167 0.387500 0.777083 0.387500 0.762500 0.389062 0.760417 0.389062 0.752083 0.390625 0.750000 0.390625 0.735417 0.392188 0.733333 0.392188 0.725000 0.393750 0.722917 0.393750 0.710417 0.395313 0.708333 0.395313 0.693750 0.396875 0.691667 0.396875 0.681250 0.398438 0.679167 0.398438 0.662500 0.400000 0.660417 0.400000 0.650000 0.401562 0.647917 0.401562 0.633333 0.403125 0.631250 0.403125 0.618750 0.404687 0.616667 0.404687 0.606250 0.406250 0.604167 0.406250 0.591667 0.407813 0.589583 0.407813 0.577083 0.409375 0.575000 0.409375 0.562500 0.410938 0.560417 0.410938 0.545833 0.412500 0.543750 0.412500 0.533333 0.414062 0.531250 0.414062 0.516667 0.415625 0.514583 0.415625 0.504167 0.417187 0.502083 0.417187 0.487500 0.418750 0.485417 0.418750 0.472917 0.420312 0.470833 0.420312 0.452083 0.418750 0.450000 0.418750 0.437500 0.417187 0.435417 0.417187 0.420833 0.415625 0.418750 0.415625 0.402083 0.414062 0.400000 0.414062 0.372917 0.412500 0.370833 0.412500 0.362500 0.410938 0.360417 0.410938 0.354167 0.406250 0.347917 0.406250 0.343750 0.404687 0.343750 0.403125 0.341667 0.401562 0.341667 0.400000 0.339583
1 0.403125 0.225000 0.403125 0.227083 0.401562 0.229167 0.401562 0.231250 0.400000 0.233333 0.385937 0.233333 0.384375 0.235417 0.379688 0.235417 0.378125 0.237500 0.375000 0.237500 0.373437 0.239583 0.367188 0.239583 0.365625 0.241667 0.362500 0.241667 0.360938 0.243750 0.354687 0.243750 0.353125 0.245833 0.346875 0.245833 0.345313 0.247917 0.339062 0.247917 0.337500 0.250000 0.331250 0.250000 0.329688 0.252083 0.323437 0.252083 0.321875 0.254167 0.317188 0.254167 0.315625 0.256250 0.312500 0.256250 0.310937 0.258333 0.306250 0.258333 0.301563 0.264583 0.300000 0.264583 0.298438 0.266667 0.285938 0.266667 0.284375 0.268750 0.273438 0.268750 0.270313 0.264583 0.257812 0.264583 0.256250 0.266667 0.239063 0.266667 0.237500 0.268750 0.231250 0.268750 0.229687 0.270833 0.225000 0.270833 0.223438 0.272917 0.218750 0.272917 0.217188 0.270833 0.217188 0.268750 0.215625 0.266667 0.209375 0.275000 0.209375 0.277083 0.206250 0.281250 0.206250 0.287500 0.204687 0.289583 0.204687 0.293750 0.203125 0.295833 0.203125 0.302083 0.201563 0.304167 0.201563 0.314583 0.200000 0.316667 0.200000 0.325000 0.198437 0.327083 0.198437 0.335417 0.196875 0.337500 0.196875 0.352083 0.195312 0.354167 0.195312 0.362500 0.193750 0.364583 0.193750 0.381250 0.192188 0.383333 0.192188 0.393750 0.190625 0.395833 0.190625 0.420833 0.192188 0.422917 0.195312 0.422917 0.196875 0.425000 0.198437 0.425000 0.200000 0.427083 0.201563 0.427083 0.203125 0.429167 0.212500 0.429167 0.214062 0.427083 0.217188 0.427083 0.218750 0.425000 0.220312 0.425000 0.221875 0.422917 0.223438 0.422917 0.225000 0.420833 0.226562 0.420833 0.228125 0.418750 0.229687 0.418750 0.231250 0.416667 0.234375 0.416667 0.235937 0.414583 0.237500 0.414583 0.239063 0.412500 0.240625 0.412500 0.242188 0.410417 0.243750 0.410417 0.245312 0.408333 0.246875 0.408333 0.248438 0.406250 0.250000 0.406250 0.251563 0.404167 0.254688 0.404167 0.256250 0.402083 0.257812 0.402083 0.259375 0.400000 0.260937 0.400000 0.262500 0.397917 0.264062 0.397917 0.265625 0.395833 0.268750 0.395833 0.270313 0.393750 0.271875 0.393750 0.275000 0.389583 0.276562 0.389583 0.278125 0.387500 0.281250 0.387500 0.282813 0.385417 0.284375 0.385417 0.285938 0.383333 0.287500 0.383333 0.289062 0.381250 0.292187 0.381250 0.293750 0.379167 0.295312 0.379167 0.296875 0.377083 0.298438 0.377083 0.300000 0.375000 0.301563 0.375000 0.303125 0.372917 0.304688 0.372917 0.306250 0.370833 0.307812 0.370833 0.309375 0.368750 0.312500 0.368750 0.314063 0.366667 0.315625 0.366667 0.317188 0.364583 0.318750 0.364583 0.320312 0.362500 0.321875 0.362500 0.325000 0.358333 0.328125 0.358333 0.329688 0.356250 0.331250 0.356250 0.332813 0.354167 0.334375 0.354167 0.335938 0.352083 0.337500 0.352083 0.339062 0.350000 0.340625 0.350000 0.342187 0.347917 0.343750 0.347917 0.345313 0.345833 0.346875 0.345833 0.348438 0.343750 0.350000 0.343750 0.351562 0.341667 0.354687 0.341667 0.356250 0.339583 0.357812 0.339583 0.359375 0.337500 0.360938 0.337500 0.362500 0.335417 0.364063 0.335417 0.365625 0.333333 0.367188 0.333333 0.368750 0.331250 0.370312 0.331250 0.371875 0.329167 0.373437 0.329167 0.375000 0.327083 0.376563 0.327083 0.378125 0.325000 0.381250 0.325000 0.382812 0.322917 0.384375 0.322917 0.385937 0.320833 0.387500 0.320833 0.389062 0.318750 0.392188 0.318750 0.393750 0.316667 0.396875 0.316667 0.398438 0.314583 0.403125 0.314583 0.406250 0.310417 0.406250 0.281250 0.404687 0.279167 0.404687 0.266667 0.403125 0.264583 0.403125 0.262500 0.401562 0.260417 0.401562 0.245833 0.400000 0.243750 0.400000 0.233333 0.401562 0.231250 0.404687 0.231250 0.404687 0.229167 0.403125 0.227083
1 0.167187 0.066667 0.168750 0.068750 0.173437 0.068750 0.175000 0.070833 0.193750 0.070833 0.195312 0.072917 0.198437 0.072917 0.200000 0.075000 0.210938 0.075000 0.212500 0.077083 0.214062 0.077083 0.218750 0.083333 0.218750 0.102083 0.217188 0.104167 0.217188 0.116667 0.215625 0.118750 0.215625 0.131250 0.214062 0.133333 0.214062 0.145833 0.212500 0.147917 0.212500 0.170833 0.210938 0.172917 0.212500 0.175000 0.212500 0.179167 0.214062 0.181250 0.214062 0.185417 0.217188 0.189583 0.218750 0.189583 0.220312 0.191667 0.221875 0.189583 0.229687 0.189583 0.231250 0.187500 0.239063 0.187500 0.240625 0.185417 0.243750 0.185417 0.245312 0.183333 0.248438 0.183333 0.250000 0.181250 0.251563 0.181250 0.257812 0.172917 0.259375 0.172917 0.259375 0.170833 0.260937 0.168750 0.264062 0.168750 0.267188 0.164583 0.271875 0.164583 0.273438 0.162500 0.285938 0.162500 0.287500 0.164583 0.292187 0.164583 0.293750 0.166667 0.295312 0.166667 0.296875 0.168750 0.298438 0.168750 0.301563 0.164583 0.303125 0.164583 0.307812 0.158333 0.309375 0.158333 0.320312 0.143750 0.321875 0.143750 0.325000 0.139583 0.326562 0.139583 0.332813 0.131250 0.334375 0.131250 0.339062 0.125000 0.340625 0.125000 0.343750 0.120833 0.345313 0.120833 0.348438 0.116667 0.350000 0.116667 0.351562 0.114583 0.353125 0.114583 0.356250 0.110417 0.359375 0.110417 0.360938 0.108333 0.362500 0.108333 0.368750 0.100000 0.368750 0.097917 0.367188 0.097917 0.365625 0.095833 0.360938 0.095833 0.359375 0.093750 0.346875 0.093750 0.345313 0.091667 0.334375 0.091667 0.332813 0.089583 0.323437 0.089583 0.321875 0.087500 0.309375 0.087500 0.307812 0.085417 0.296875 0.085417 0.295312 0.083333 0.285938 0.083333 0.284375 0.081250 0.275000 0.081250 0.273438 0.079167 0.262500 0.079167 0.260937 0.077083 0.243750 0.077083 0.242188 0.075000 0.229687 0.075000 0.228125 0.072917 0.209375 0.072917 0.207813 0.070833 0.187500 0.070833 0.185938 0.068750 0.181250 0.068750 0.179688 0.066667