0 0.551562 0.397917 0.550000 0.400000 0.546875 0.400000 0.546875 0.402083 0.545312 0.404167 0.545312 0.406250 0.543750 0.408333 0.543750 0.410417 0.542188 0.412500 0.542188 0.416667 0.540625 0.418750 0.540625 0.420833 0.539062 0.422917 0.539062 0.427083 0.537500 0.429167 0.537500 0.433333 0.535937 0.435417 0.535937 0.437500 0.534375 0.439583 0.534375 0.452083 0.532813 0.454167 0.534375 0.456250 0.534375 0.458333 0.532813 0.460417 0.532813 0.466667 0.531250 0.468750 0.531250 0.481250 0.529687 0.483333 0.529687 0.491667 0.528125 0.493750 0.528125 0.495833 0.526563 0.497917 0.526563 0.502083 0.525000 0.504167 0.525000 0.506250 0.523438 0.508333 0.523438 0.512500 0.521875 0.514583 0.521875 0.520833 0.520312 0.522917 0.520312 0.525000 0.518750 0.527083 0.518750 0.529167 0.517188 0.531250 0.517188 0.535417 0.515625 0.537500 0.515625 0.541667 0.514062 0.543750 0.514062 0.547917 0.512500 0.550000 0.512500 0.552083 0.510938 0.554167 0.510938 0.556250 0.509375 0.558333 0.509375 0.560417 0.507812 0.562500 0.507812 0.564583 0.503125 0.570833 0.501563 0.570833 0.498437 0.566667 0.498437 0.556250 0.500000 0.554167 0.500000 0.539583 0.501563 0.537500 0.501563 0.516667 0.503125 0.514583 0.503125 0.504167 0.501563 0.502083 0.501563 0.477083 0.500000 0.475000 0.500000 0.468750 0.501563 0.466667 0.501563 0.437500 0.503125 0.435417 0.503125 0.427083 0.501563 0.425000 0.501563 0.414583 0.500000 0.412500 0.500000 0.408333 0.496875 0.404167 0.492188 0.404167 0.490625 0.402083 0.485938 0.402083 0.481250 0.408333 0.479687 0.408333 0.479687 0.412500 0.478125 0.414583 0.478125 0.418750 0.475000 0.422917 0.475000 0.470833 0.473438 0.472917 0.475000 0.475000 0.475000 0.477083 0.473438 0.479167 0.473438 0.506250 0.471875 0.508333 0.471875 0.512500 0.468750 0.516667 0.468750 0.525000 0.467187 0.527083 0.467187 0.531250 0.465625 0.533333 0.464062 0.531250 0.462500 0.531250 0.460938 0.529167 0.459375 0.529167 0.457813 0.527083 0.456250 0.527083 0.454688 0.525000 0.451562 0.525000 0.450000 0.522917 0.439063 0.522917 0.439063 0.527083 0.437500 0.529167 0.437500 0.560417 0.435937 0.562500 0.435937 0.566667 0.434375 0.568750 0.434375 0.577083 0.432812 0.579167 0.432812 0.585417 0.431250 0.587500 0.431250 0.591667 0.429688 0.593750 0.429688 0.597917 0.428125 0.600000 0.428125 0.604167 0.426563 0.606250 0.426563 0.610417 0.425000 0.612500 0.425000 0.616667 0.423438 0.618750 0.423438 0.625000 0.421875 0.627083 0.421875 0.637500 0.420312 0.639583 0.420312 0.691667 0.418750 0.693750 0.418750 0.741667 0.417187 0.743750 0.417187 0.762500 0.415625 0.764583 0.415625 0.779167 0.414062 0.781250 0.414062 0.789583 0.412500 0.791667 0.412500 0.797917 0.410938 0.800000 0.410938 0.806250 0.409375 0.808333 0.409375 0.810417 0.407813 0.812500 0.407813 0.814583 0.406250 0.816667 0.406250 0.818750 0.404687 0.820833 0.404687 0.825000 0.403125 0.827083 0.403125 0.829167 0.401562 0.831250 0.401562 0.833333 0.398438 0.837500 0.398438 0.839583 0.395313 0.843750 0.393750 0.843750 0.390625 0.847917 0.390625 0.850000 0.384375 0.858333 0.382812 0.858333 0.371875 0.872917 0.370312 0.872917 0.365625 0.879167 0.364063 0.879167 0.359375 0.885417 0.357812 0.885417 0.354687 0.889583 0.353125 0.889583 0.350000 0.893750 0.348438 0.893750 0.345313 0.897917 0.343750 0.897917 0.340625 0.902083 0.339062 0.902083 0.337500 0.904167 0.335938 0.904167 0.334375 0.906250 0.332813 0.906250 0.331250 0.908333 0.329688 0.908333 0.321875 0.918750 0.320312 0.918750 0.309375 0.933333 0.307812 0.933333 0.304688 0.937500 0.303125 0.937500 0.301563 0.939583 0.300000 0.939583 0.296875 0.943750 0.295312 0.943750 0.293750 0.945833 0.292187 0.945833 0.290625 0.947917 0.289062 0.947917 0.287500 0.950000 0.282813 0.950000 0.281250 0.952083 0.267188 0.952083 0.265625 0.954167 0.257812 0.954167 0.256250 0.956250 0.229687 0.956250 0.228125 0.954167 0.203125 0.954167 0.201563 0.956250 0.185938 0.956250 0.184375 0.958333 0.176563 0.958333 0.175000 0.960417 0.170313 0.960417 0.168750 0.962500 0.165625 0.962500 0.164062 0.964583 0.162500 0.964583 0.160938 0.966667 0.150000 0.966667 0.148438 0.964583 0.148438 0.962500 0.139063 0.950000 0.139063 0.947917 0.137500 0.945833 0.137500 0.943750 0.135937 0.941667 0.135937 0.939583 0.131250 0.933333 0.131250 0.929167 0.129688 0.927083 0.129688 0.925000 0.128125 0.922917 0.126562 0.922917 0.125000 0.920833 0.121875 0.920833 0.120313 0.922917 0.117188 0.922917 0.114062 0.927083 0.112500 0.927083 0.106250 0.935417 0.104688 0.935417 0.103125 0.937500 0.101562 0.937500 0.100000 0.939583 0.096875 0.939583 0.095312 0.941667 0.093750 0.941667 0.092188 0.943750 0.090625 0.943750 0.089063 0.945833 0.084375 0.945833 0.082812 0.947917 0.081250 0.947917 0.079687 0.950000 0.078125 0.950000 0.076563 0.952083 0.075000 0.952083 0.073438 0.954167 0.070312 0.954167 0.068750 0.956250 0.065625 0.956250 0.064062 0.958333 0.059375 0.958333 0.057813 0.960417 0.053125 0.960417 0.051562 0.962500 0.046875 0.962500 0.045312 0.964583 0.040625 0.964583 0.039062 0.966667 0.026562 0.966667 0.025000 0.968750 0.009375 0.968750 0.007812 0.970833 0.000000 0.970833 0.000000 0.997917 0.407813 0.997917 0.412500 0.991667 0.414062 0.991667 0.414062 0.989583 0.421875 0.979167 0.421875 0.977083 0.426563 0.970833 0.426563 0.968750 0.429688 0.964583 0.429688 0.962500 0.432812 0.958333 0.432812 0.956250 0.435937 0.952083 0.435937 0.950000 0.437500 0.947917 0.437500 0.945833 0.443750 0.937500 0.443750 0.935417 0.450000 0.927083 0.450000 0.925000 0.454688 0.918750 0.454688 0.916667 0.459375 0.910417 0.459375 0.908333 0.464062 0.902083 0.464062 0.900000 0.467187 0.895833 0.468750 0.895833 0.468750 0.893750 0.490625 0.864583 0.490625 0.862500 0.493750 0.858333 0.493750 0.856250 0.495312 0.854167 0.495312 0.852083 0.498437 0.847917 0.498437 0.845833 0.500000 0.843750 0.500000 0.841667 0.501563 0.839583 0.501563 0.835417 0.504687 0.831250 0.504687 0.829167 0.506250 0.827083 0.506250 0.825000 0.507812 0.822917 0.507812 0.820833 0.509375 0.818750 0.509375 0.816667 0.510938 0.814583 0.510938 0.812500 0.512500 0.810417 0.512500 0.806250 0.515625 0.802083 0.515625 0.797917 0.517188 0.795833 0.517188 0.793750 0.518750 0.791667 0.518750 0.789583 0.520312 0.787500 0.520312 0.785417 0.521875 0.783333 0.521875 0.781250 0.523438 0.779167 0.523438 0.777083 0.525000 0.775000 0.525000 0.772917 0.526563 0.770833 0.526563 0.768750 0.529687 0.764583 0.529687 0.762500 0.531250 0.760417 0.531250 0.758333 0.532813 0.756250 0.532813 0.754167 0.534375 0.752083 0.534375 0.747917 0.535937 0.745833 0.535937 0.743750 0.537500 0.741667 0.537500 0.739583 0.539062 0.737500 0.539062 0.733333 0.540625 0.731250 0.540625 0.729167 0.542188 0.727083 0.542188 0.725000 0.543750 0.722917 0.543750 0.718750 0.545312 0.716667 0.545312 0.714583 0.546875 0.712500 0.546875 0.708333 0.548438 0.706250 0.548438 0.702083 0.550000 0.700000 0.550000 0.695833 0.551562 0.693750 0.551562 0.689583 0.553125 0.687500 0.553125 0.685417 0.554688 0.683333 0.554688 0.677083 0.556250 0.675000 0.556250 0.585417 0.557813 0.583333 0.557813 0.575000 0.559375 0.572917 0.559375 0.566667 0.560937 0.564583 0.560937 0.560417 0.562500 0.558333 0.562500 0.541667 0.564063 0.539583 0.564063 0.462500 0.562500 0.460417 0.562500 0.443750 0.564063 0.441667 0.564063 0.437500 0.565625 0.435417 0.565625 0.427083 0.567187 0.425000 0.567187 0.408333 0.565625 0.406250 0.565625 0.404167 0.562500 0.400000 0.560937 0.400000 0.559375 0.397917
0 0.092188 0.258333 0.090625 0.260417 0.079687 0.260417 0.078125 0.262500 0.068750 0.262500 0.067187 0.264583 0.062500 0.264583 0.060937 0.266667 0.054688 0.266667 0.053125 0.268750 0.045312 0.268750 0.043750 0.270833 0.034375 0.270833 0.032813 0.272917 0.025000 0.272917 0.023438 0.275000 0.015625 0.275000 0.014063 0.277083 0.000000 0.277083 0.000000 0.416667 0.004687 0.416667 0.006250 0.414583 0.010937 0.414583 0.012500 0.412500 0.015625 0.412500 0.017188 0.410417 0.020313 0.410417 0.021875 0.408333 0.026562 0.408333 0.028125 0.406250 0.029687 0.406250 0.031250 0.404167 0.032813 0.404167 0.034375 0.402083 0.039062 0.402083 0.040625 0.400000 0.043750 0.400000 0.045312 0.397917 0.046875 0.397917 0.048438 0.395833 0.051562 0.395833 0.053125 0.393750 0.056250 0.393750 0.057813 0.391667 0.059375 0.391667 0.062500 0.387500 0.064062 0.387500 0.065625 0.385417 0.067187 0.385417 0.067187 0.383333 0.068750 0.381250 0.068750 0.377083 0.070312 0.375000 0.070312 0.372917 0.071875 0.370833 0.071875 0.366667 0.073438 0.364583 0.073438 0.362500 0.075000 0.360417 0.075000 0.354167 0.076563 0.352083 0.076563 0.350000 0.078125 0.347917 0.078125 0.343750 0.079687 0.341667 0.079687 0.337500 0.081250 0.335417 0.081250 0.333333 0.082812 0.331250 0.082812 0.327083 0.084375 0.325000 0.084375 0.320833 0.085938 0.318750 0.085938 0.316667 0.087500 0.314583 0.087500 0.312500 0.089063 0.310417 0.089063 0.304167 0.090625 0.302083 0.090625 0.300000 0.092188 0.297917 0.092188 0.291667 0.093750 0.289583 0.093750 0.287500 0.095312 0.285417 0.095312 0.281250 0.096875 0.279167 0.096875 0.275000 0.098437 0.272917 0.098437 0.260417 0.095312 0.260417 0.093750 0.258333
0 0.235937 0.233333 0.234375 0.235417 0.231250 0.235417 0.229687 0.237500 0.226562 0.237500 0.225000 0.239583 0.221875 0.239583 0.221875 0.241667 0.220312 0.243750 0.218750 0.241667 0.218750 0.239583 0.217188 0.237500 0.215625 0.237500 0.215625 0.239583 0.214062 0.241667 0.214062 0.243750 0.210938 0.247917 0.210938 0.250000 0.209375 0.252083 0.209375 0.256250 0.207813 0.258333 0.207813 0.272917 0.206250 0.275000 0.206250 0.293750 0.204687 0.295833 0.204687 0.304167 0.207813 0.308333 0.215625 0.308333 0.218750 0.304167 0.220312 0.304167 0.221875 0.302083 0.225000 0.302083 0.226562 0.300000 0.231250 0.300000 0.232813 0.297917 0.237500 0.297917 0.239063 0.295833 0.240625 0.295833 0.242188 0.293750 0.245312 0.293750 0.246875 0.291667 0.250000 0.291667 0.251563 0.289583 0.256250 0.289583 0.257812 0.287500 0.260937 0.287500 0.262500 0.285417 0.265625 0.285417 0.268750 0.281250 0.270313 0.281250 0.270313 0.275000 0.268750 0.272917 0.268750 0.270833 0.267188 0.268750 0.267188 0.264583 0.265625 0.262500 0.265625 0.258333 0.260937 0.252083 0.260937 0.250000 0.257812 0.245833 0.256250 0.245833 0.254688 0.243750 0.253125 0.243750 0.251563 0.241667 0.250000 0.241667 0.246875 0.237500 0.245312 0.237500 0.243750 0.235417 0.242188 0.235417 0.240625 0.233333
0 0.373437 0.087500 0.371875 0.089583 0.365625 0.089583 0.364063 0.091667 0.359375 0.091667 0.357812 0.093750 0.356250 0.093750 0.353125 0.097917 0.351562 0.097917 0.350000 0.100000 0.350000 0.102083 0.346875 0.106250 0.346875 0.108333 0.340625 0.116667 0.340625 0.118750 0.337500 0.122917 0.337500 0.125000 0.335938 0.127083 0.334375 0.127083 0.334375 0.129167 0.328125 0.137500 0.328125 0.139583 0.321875 0.147917 0.321875 0.150000 0.314063 0.160417 0.314063 0.162500 0.310937 0.166667 0.310937 0.168750 0.306250 0.175000 0.306250 0.177083 0.301563 0.183333 0.301563 0.185417 0.298438 0.189583 0.298438 0.191667 0.296875 0.193750 0.296875 0.197917 0.295312 0.200000 0.295312 0.231250 0.293750 0.233333 0.292187 0.233333 0.292187 0.243750 0.293750 0.245833 0.293750 0.252083 0.295312 0.254167 0.295312 0.258333 0.298438 0.262500 0.298438 0.266667 0.300000 0.268750 0.301563 0.268750 0.303125 0.270833 0.309375 0.270833 0.310937 0.268750 0.312500 0.268750 0.314063 0.266667 0.317188 0.266667 0.320312 0.262500 0.321875 0.262500 0.323437 0.260417 0.326562 0.260417 0.328125 0.258333 0.329688 0.258333 0.331250 0.256250 0.334375 0.256250 0.335938 0.254167 0.337500 0.254167 0.339062 0.252083 0.342187 0.252083 0.343750 0.250000 0.345313 0.250000 0.346875 0.247917 0.348438 0.247917 0.350000 0.245833 0.353125 0.245833 0.354687 0.243750 0.357812 0.243750 0.360938 0.239583 0.362500 0.239583 0.364063 0.237500 0.365625 0.237500 0.367188 0.235417 0.368750 0.235417 0.370312 0.233333 0.371875 0.233333 0.373437 0.231250 0.375000 0.231250 0.376563 0.229167 0.379688 0.229167 0.381250 0.227083 0.382812 0.227083 0.384375 0.225000 0.385937 0.225000 0.387500 0.222917 0.392188 0.222917 0.393750 0.220833 0.393750 0.204167 0.390625 0.200000 0.376563 0.200000 0.375000 0.197917 0.375000 0.195833 0.373437 0.193750 0.373437 0.187500 0.371875 0.185417 0.371875 0.183333 0.373437 0.181250 0.373437 0.177083 0.375000 0.175000 0.375000 0.172917 0.382812 0.162500 0.382812 0.160417 0.385937 0.156250 0.387500 0.156250 0.389062 0.154167 0.390625 0.154167 0.392188 0.152083 0.393750 0.152083 0.396875 0.147917 0.398438 0.147917 0.401562 0.143750 0.404687 0.143750 0.406250 0.141667 0.410938 0.141667 0.412500 0.143750 0.417187 0.143750 0.418750 0.145833 0.425000 0.145833 0.426563 0.147917 0.429688 0.147917 0.431250 0.145833 0.434375 0.145833 0.435937 0.143750 0.437500 0.143750 0.440625 0.139583 0.442188 0.139583 0.443750 0.137500 0.446875 0.137500 0.446875 0.135417 0.448437 0.133333 0.448437 0.125000 0.443750 0.118750 0.442188 0.118750 0.437500 0.112500 0.437500 0.110417 0.431250 0.102083 0.429688 0.102083 0.428125 0.100000 0.425000 0.100000 0.423438 0.097917 0.418750 0.097917 0.417187 0.095833 0.412500 0.095833 0.410938 0.093750 0.404687 0.093750 0.403125 0.091667 0.398438 0.091667 0.396875 0.089583 0.385937 0.089583 0.384375 0.087500
2 0.203125 0.916667 0.201563 0.918750 0.185938 0.918750 0.184375 0.920833 0.179688 0.920833 0.178125 0.922917 0.178125 0.925000 0.176563 0.927083 0.176563 0.952083 0.175000 0.954167 0.193750 0.954167 0.195312 0.952083 0.212500 0.952083 0.215625 0.947917 0.215625 0.943750 0.217188 0.941667 0.217188 0.922917 0.215625 0.920833 0.215625 0.918750 0.214062 0.918750 0.212500 0.916667
2 0.160938 0.072917 0.157812 0.077083 0.157812 0.081250 0.156250 0.083333 0.156250 0.085417 0.154688 0.087500 0.154688 0.089583 0.153125 0.091667 0.153125 0.095833 0.151562 0.097917 0.151562 0.100000 0.150000 0.102083 0.150000 0.110417 0.148438 0.112500 0.148438 0.114583 0.146875 0.116667 0.146875 0.120833 0.145313 0.122917 0.145313 0.127083 0.143750 0.129167 0.143750 0.133333 0.142187 0.135417 0.142187 0.137500 0.140625 0.139583 0.140625 0.143750 0.139063 0.145833 0.139063 0.150000 0.137500 0.152083 0.137500 0.156250 0.135937 0.158333 0.135937 0.162500 0.134375 0.164583 0.134375 0.168750 0.132812 0.170833 0.132812 0.172917 0.131250 0.175000 0.131250 0.179167 0.129688 0.181250 0.129688 0.183333 0.128125 0.185417 0.128125 0.189583 0.126562 0.191667 0.126562 0.195833 0.125000 0.197917 0.125000 0.204167 0.121875 0.208333 0.121875 0.210417 0.120313 0.212500 0.120313 0.214583 0.118750 0.216667 0.118750 0.222917 0.117188 0.225000 0.117188 0.227083 0.115625 0.229167 0.115625 0.233333 0.114062 0.235417 0.114062 0.237500 0.112500 0.239583 0.112500 0.243750 0.109375 0.247917 0.109375 0.250000 0.107813 0.252083 0.107813 0.254167 0.106250 0.256250 0.106250 0.258333 0.104688 0.260417 0.104688 0.262500 0.103125 0.264583 0.103125 0.266667 0.101562 0.268750 0.101562 0.272917 0.100000 0.275000 0.100000 0.281250 0.098437 0.283333 0.098437 0.285417 0.096875 0.287500 0.096875 0.291667 0.095312 0.293750 0.095312 0.297917 0.093750 0.300000 0.093750 0.302083 0.092188 0.304167 0.092188 0.308333 0.090625 0.310417 0.090625 0.314583 0.089063 0.316667 0.089063 0.318750 0.087500 0.320833 0.087500 0.325000 0.085938 0.327083 0.085938 0.329167 0.084375 0.331250 0.084375 0.335417 0.082812 0.337500 0.082812 0.339583 0.081250 0.341667 0.081250 0.345833 0.079687 0.347917 0.079687 0.352083 0.078125 0.354167 0.078125 0.358333 0.076563 0.360417 0.076563 0.364583 0.075000 0.366667 0.075000 0.372917 0.073438 0.375000 0.073438 0.406250 0.075000 0.408333 0.075000 0.425000 0.076563 0.427083 0.076563 0.445833 0.078125 0.447917 0.078125 0.464583 0.079687 0.466667 0.079687 0.477083 0.081250 0.479167 0.081250 0.481250 0.082812 0.483333 0.085938 0.483333 0.087500 0.485417 0.143750 0.485417 0.145313 0.487500 0.170313 0.487500 0.171875 0.485417 0.173437 0.485417 0.175000 0.483333 0.176563 0.483333 0.178125 0.481250 0.178125 0.472917 0.179688 0.470833 0.179688 0.439583 0.181250 0.437500 0.179688 0.435417 0.181250 0.433333 0.181250 0.427083 0.182812 0.425000 0.182812 0.418750 0.184375 0.416667 0.184375 0.406250 0.185938 0.404167 0.185938 0.395833 0.187500 0.393750 0.187500 0.381250 0.189062 0.379167 0.189062 0.366667 0.190625 0.364583 0.190625 0.358333 0.192188 0.356250 0.192188 0.347917 0.193750 0.345833 0.193750 0.343750 0.192188 0.341667 0.192188 0.339583 0.193750 0.337500 0.193750 0.333333 0.195312 0.331250 0.195312 0.325000 0.196875 0.322917 0.196875 0.312500 0.198437 0.310417 0.198437 0.304167 0.200000 0.302083 0.200000 0.287500 0.201563 0.285417 0.201563 0.268750 0.203125 0.266667 0.203125 0.243750 0.204687 0.241667 0.204687 0.225000 0.206250 0.222917 0.206250 0.218750 0.204687 0.216667 0.204687 0.210417 0.206250 0.208333 0.206250 0.206250 0.204687 0.204167 0.206250 0.202083 0.206250 0.175000 0.207813 0.172917 0.207813 0.166667 0.209375 0.164583 0.209375 0.156250 0.210938 0.154167 0.210938 0.143750 0.212500 0.141667 0.212500 0.129167 0.214062 0.127083 0.214062 0.116667 0.215625 0.114583 0.215625 0.100000 0.217188 0.097917 0.217188 0.083333 0.214062 0.079167 0.209375 0.079167 0.207813 0.077083 0.196875 0.077083 0.195312 0.075000 0.184375 0.075000 0.182812 0.072917
2 0.454688 0.133333 0.448437 0.141667 0.446875 0.141667 0.442188 0.147917 0.440625 0.147917 0.434375 0.156250 0.429688 0.156250 0.428125 0.158333 0.425000 0.158333 0.423438 0.160417 0.423438 0.204167 0.421875 0.206250 0.421875 0.208333 0.423438 0.210417 0.423438 0.214583 0.425000 0.216667 0.426563 0.216667 0.428125 0.218750 0.428125 0.225000 0.429688 0.227083 0.429688 0.231250 0.432812 0.235417 0.432812 0.239583 0.435937 0.243750 0.434375 0.245833 0.434375 0.247917 0.435937 0.250000 0.435937 0.256250 0.437500 0.258333 0.437500 0.260417 0.435937 0.262500 0.437500 0.264583 0.437500 0.270833 0.439063 0.272917 0.439063 0.287500 0.440625 0.289583 0.440625 0.295833 0.442188 0.297917 0.442188 0.302083 0.443750 0.304167 0.443750 0.310417 0.445312 0.312500 0.445312 0.318750 0.446875 0.320833 0.446875 0.325000 0.448437 0.327083 0.448437 0.333333 0.450000 0.335417 0.450000 0.341667 0.451562 0.343750 0.451562 0.358333 0.453125 0.360417 0.453125 0.372917 0.454688 0.375000 0.454688 0.391667 0.456250 0.393750 0.456250 0.402083 0.459375 0.406250 0.459375 0.410417 0.460938 0.412500 0.460938 0.416667 0.459375 0.418750 0.459375 0.425000 0.457813 0.427083 0.457813 0.429167 0.454688 0.433333 0.454688 0.437500 0.453125 0.439583 0.453125 0.445833 0.451562 0.447917 0.451562 0.450000 0.450000 0.452083 0.450000 0.454167 0.448437 0.456250 0.448437 0.458333 0.446875 0.460417 0.446875 0.462500 0.445312 0.464583 0.445312 0.466667 0.442188 0.470833 0.442188 0.475000 0.440625 0.477083 0.440625 0.479167 0.437500 0.483333 0.437500 0.485417 0.435937 0.487500 0.435937 0.493750 0.434375 0.495833 0.434375 0.512500 0.435937 0.514583 0.437500 0.514583 0.439063 0.516667 0.445312 0.516667 0.446875 0.518750 0.450000 0.518750 0.451562 0.520833 0.456250 0.520833 0.457813 0.522917 0.460938 0.522917 0.462500 0.525000 0.465625 0.525000 0.465625 0.522917 0.467187 0.520833 0.467187 0.518750 0.468750 0.516667 0.468750 0.512500 0.470313 0.510417 0.470313 0.487500 0.471875 0.485417 0.471875 0.466667 0.473438 0.464583 0.473438 0.414583 0.478125 0.408333 0.478125 0.406250 0.481250 0.402083 0.482812 0.402083 0.485938 0.397917 0.492188 0.397917 0.493750 0.400000 0.495312 0.400000 0.496875 0.402083 0.498437 0.402083 0.501563 0.406250 0.501563 0.408333 0.503125 0.410417 0.503125 0.412500 0.504687 0.414583 0.504687 0.427083 0.506250 0.429167 0.506250 0.435417 0.504687 0.437500 0.504687 0.441667 0.503125 0.443750 0.503125 0.450000 0.504687 0.452083 0.504687 0.458333 0.503125 0.460417 0.503125 0.489583 0.504687 0.491667 0.504687 0.535417 0.509375 0.535417 0.510938 0.533333 0.512500 0.533333 0.514062 0.531250 0.514062 0.529167 0.517188 0.525000 0.517188 0.520833 0.520312 0.516667 0.520312 0.512500 0.521875 0.510417 0.521875 0.506250 0.523438 0.504167 0.523438 0.500000 0.525000 0.497917 0.525000 0.491667 0.526563 0.489583 0.526563 0.485417 0.528125 0.483333 0.528125 0.481250 0.529687 0.479167 0.529687 0.468750 0.531250 0.466667 0.531250 0.460417 0.532813 0.458333 0.532813 0.441667 0.531250 0.439583 0.532813 0.437500 0.532813 0.433333 0.534375 0.431250 0.534375 0.429167 0.535937 0.427083 0.535937 0.416667 0.537500 0.414583 0.537500 0.410417 0.539062 0.408333 0.539062 0.400000 0.537500 0.397917 0.537500 0.395833 0.535937 0.393750 0.535937 0.391667 0.534375 0.389583 0.534375 0.387500 0.529687 0.381250 0.529687 0.379167 0.528125 0.377083 0.528125 0.375000 0.526563 0.372917 0.526563 0.370833 0.525000 0.370833 0.523438 0.368750 0.523438 0.366667 0.521875 0.364583 0.521875 0.362500 0.520312 0.360417 0.520312 0.358333 0.518750 0.356250 0.518750 0.354167 0.517188 0.352083 0.517188 0.350000 0.515625 0.347917 0.515625 0.345833 0.514062 0.343750 0.514062 0.337500 0.512500 0.335417 0.512500 0.331250 0.510938 0.329167 0.510938 0.327083 0.509375 0.325000 0.509375 0.320833 0.507812 0.318750 0.507812 0.314583 0.506250 0.312500 0.506250 0.308333 0.504687 0.306250 0.504687 0.304167 0.503125 0.302083 0.503125 0.295833 0.501563 0.293750 0.501563 0.289583 0.500000 0.287500 0.500000 0.283333 0.498437 0.281250 0.498437 0.279167 0.496875 0.277083 0.496875 0.272917 0.495312 0.270833 0.495312 0.266667 0.493750 0.264583 0.493750 0.260417 0.492188 0.258333 0.492188 0.254167 0.490625 0.252083 0.490625 0.245833 0.489063 0.243750 0.489063 0.239583 0.487500 0.237500 0.487500 0.233333 0.485938 0.231250 0.485938 0.227083 0.484375 0.225000 0.484375 0.222917 0.482812 0.220833 0.482812 0.216667 0.481250 0.214583 0.481250 0.210417 0.479687 0.208333 0.479687 0.204167 0.478125 0.202083 0.478125 0.200000 0.476562 0.197917 0.476562 0.195833 0.475000 0.193750 0.475000 0.189583 0.473438 0.187500 0.473438 0.183333 0.471875 0.181250 0.471875 0.175000 0.470313 0.172917 0.470313 0.166667 0.468750 0.164583 0.468750 0.160417 0.467187 0.158333 0.467187 0.154167 0.465625 0.152083 0.465625 0.147917 0.464062 0.145833 0.464062 0.143750 0.462500 0.141667 0.462500 0.139583 0.457813 0.133333
2 0.687500 0.033333 0.685937 0.035417 0.682813 0.035417 0.681250 0.037500 0.676562 0.037500 0.675000 0.039583 0.671875 0.039583 0.668750 0.043750 0.668750 0.047917 0.662500 0.056250 0.660937 0.056250 0.660937 0.064583 0.659375 0.066667 0.659375 0.068750 0.657813 0.070833 0.657813 0.075000 0.656250 0.077083 0.656250 0.089583 0.657813 0.091667 0.657813 0.095833 0.660937 0.100000 0.660937 0.102083 0.662500 0.104167 0.662500 0.106250 0.665625 0.110417 0.665625 0.112500 0.668750 0.116667 0.668750 0.118750 0.673438 0.125000 0.673438 0.127083 0.676562 0.131250 0.676562 0.133333 0.678125 0.135417 0.678125 0.137500 0.681250 0.141667 0.681250 0.143750 0.685937 0.150000 0.685937 0.152083 0.689063 0.156250 0.689063 0.158333 0.690625 0.160417 0.690625 0.162500 0.695312 0.168750 0.695312 0.170833 0.696875 0.172917 0.696875 0.175000 0.700000 0.179167 0.700000 0.181250 0.703125 0.185417 0.703125 0.187500 0.706250 0.191667 0.706250 0.193750 0.709375 0.197917 0.709375 0.200000 0.714063 0.206250 0.714063 0.208333 0.715625 0.210417 0.715625 0.212500 0.721875 0.220833 0.721875 0.222917 0.725000 0.227083 0.725000 0.229167 0.729688 0.235417 0.729688 0.237500 0.732812 0.241667 0.732812 0.243750 0.737500 0.250000 0.737500 0.252083 0.740625 0.256250 0.740625 0.258333 0.743750 0.262500 0.743750 0.264583 0.746875 0.268750 0.746875 0.270833 0.750000 0.275000 0.750000 0.277083 0.757812 0.287500 0.757812 0.289583 0.765625 0.300000 0.770312 0.300000 0.771875 0.302083 0.775000 0.302083 0.776563 0.300000 0.785937 0.300000 0.787500 0.297917 0.789062 0.297917 0.789062 0.293750 0.792188 0.289583 0.792188 0.287500 0.793750 0.285417 0.795312 0.285417 0.796875 0.287500 0.798438 0.287500 0.803125 0.281250 0.804688 0.281250 0.806250 0.279167 0.806250 0.277083 0.803125 0.272917 0.803125 0.270833 0.801562 0.268750 0.801562 0.264583 0.800000 0.262500 0.800000 0.260417 0.798438 0.258333 0.798438 0.256250 0.795312 0.252083 0.795312 0.250000 0.793750 0.247917 0.793750 0.245833 0.792188 0.243750 0.792188 0.241667 0.790625 0.239583 0.790625 0.237500 0.789062 0.235417 0.789062 0.233333 0.787500 0.231250 0.787500 0.229167 0.785937 0.227083 0.785937 0.225000 0.782813 0.220833 0.782813 0.218750 0.779687 0.214583 0.779687 0.212500 0.778125 0.210417 0.778125 0.208333 0.776563 0.206250 0.776563 0.204167 0.775000 0.202083 0.775000 0.200000 0.771875 0.195833 0.771875 0.193750 0.768750 0.189583 0.768750 0.187500 0.764062 0.181250 0.764062 0.179167 0.757812 0.170833 0.757812 0.168750 0.756250 0.166667 0.756250 0.164583 0.750000 0.156250 0.750000 0.152083 0.748437 0.150000 0.748437 0.145833 0.745313 0.141667 0.745313 0.139583 0.743750 0.137500 0.743750 0.135417 0.739062 0.129167 0.739062 0.127083 0.735938 0.122917 0.735938 0.120833 0.732812 0.116667 0.732812 0.114583 0.731250 0.112500 0.731250 0.110417 0.725000 0.102083 0.725000 0.100000 0.720313 0.093750 0.720313 0.091667 0.718750 0.089583 0.718750 0.087500 0.714063 0.081250 0.714063 0.079167 0.712500 0.077083 0.712500 0.075000 0.710938 0.072917 0.710938 0.070833 0.706250 0.064583 0.706250 0.062500 0.701562 0.056250 0.701562 0.054167 0.696875 0.047917 0.696875 0.043750 0.689063 0.033333
3 0.567187 0.437500 0.564063 0.441667 0.564063 0.445833 0.562500 0.447917 0.562500 0.452083 0.564063 0.454167 0.564063 0.458333 0.570312 0.466667 0.571875 0.466667 0.579688 0.477083 0.581250 0.477083 0.582812 0.479167 0.587500 0.479167 0.590625 0.475000 0.590625 0.468750 0.584375 0.460417 0.584375 0.458333 0.581250 0.454167 0.579688 0.454167
3 0.520312 0.362500 0.520312 0.364583 0.521875 0.366667 0.521875 0.368750 0.520312 0.370833 0.520312 0.375000 0.523438 0.379167 0.523438 0.381250 0.528125 0.387500 0.528125 0.389583 0.534375 0.397917 0.535937 0.397917 0.537500 0.400000 0.537500 0.404167 0.539062 0.404167 0.540625 0.406250 0.543750 0.402083 0.543750 0.400000 0.545312 0.397917 0.545312 0.391667 0.535937 0.379167 0.534375 0.379167 0.528125 0.370833 0.526563 0.370833
4 0.546875 0.956250 0.545312 0.958333 0.442188 0.958333 0.440625 0.960417 0.439063 0.960417 0.437500 0.962500 0.437500 0.964583 0.440625 0.964583 0.442188 0.966667 0.460938 0.966667 0.462500 0.968750 0.467187 0.968750 0.470313 0.972917 0.470313 0.979167 0.471875 0.981250 0.470313 0.983333 0.465625 0.983333 0.464062 0.985417 0.457813 0.985417 0.456250 0.987500 0.450000 0.987500 0.448437 0.989583 0.445312 0.989583 0.443750 0.991667 0.439063 0.991667 0.437500 0.993750 0.437500 0.995833 0.435937 0.997917 0.475000 0.997917 0.476562 0.995833 0.481250 0.995833 0.482812 0.993750 0.490625 0.993750 0.492188 0.991667 0.496875 0.991667 0.498437 0.989583 0.501563 0.989583 0.503125 0.987500 0.509375 0.987500 0.510938 0.985417 0.514062 0.985417 0.515625 0.983333 0.523438 0.983333 0.525000 0.981250 0.529687 0.981250 0.531250 0.979167 0.540625 0.979167 0.542188 0.977083 0.546875 0.977083 0.548438 0.979167 0.550000 0.977083 0.551562 0.977083 0.553125 0.979167 0.554688 0.979167 0.556250 0.981250 0.557813 0.981250 0.565625 0.991667 0.567187 0.991667 0.568750 0.993750 0.576562 0.993750 0.582812 0.985417 0.582812 0.983333 0.584375 0.981250 0.584375 0.975000 0.579688 0.968750 0.578125 0.968750 0.576562 0.966667 0.573438 0.966667 0.571875 0.964583 0.568750 0.964583 0.567187 0.962500 0.565625 0.962500 0.564063 0.960417 0.562500 0.960417 0.560937 0.958333 0.559375 0.958333 0.557813 0.956250
1 0.387500 0.229167 0.385937 0.231250 0.382812 0.231250 0.381250 0.233333 0.378125 0.233333 0.375000 0.237500 0.373437 0.237500 0.371875 0.239583 0.370312 0.239583 0.368750 0.241667 0.365625 0.241667 0.364063 0.243750 0.362500 0.243750 0.360938 0.245833 0.359375 0.245833 0.357812 0.247917 0.356250 0.247917 0.353125 0.252083 0.350000 0.252083 0.348438 0.254167 0.346875 0.254167 0.345313 0.256250 0.343750 0.256250 0.342187 0.258333 0.340625 0.258333 0.339062 0.260417 0.335938 0.260417 0.334375 0.262500 0.329688 0.262500 0.325000 0.268750 0.323437 0.268750 0.321875 0.270833 0.318750 0.270833 0.317188 0.272917 0.314063 0.272917 0.312500 0.275000 0.310937 0.275000 0.309375 0.277083 0.307812 0.277083 0.306250 0.279167 0.304688 0.279167 0.298438 0.287500 0.293750 0.287500 0.292187 0.289583 0.290625 0.289583 0.289062 0.291667 0.284375 0.291667 0.282813 0.293750 0.275000 0.293750 0.273438 0.291667 0.271875 0.291667 0.270313 0.289583 0.267188 0.289583 0.265625 0.291667 0.262500 0.291667 0.260937 0.293750 0.256250 0.293750 0.254688 0.295833 0.250000 0.295833 0.248438 0.297917 0.245312 0.297917 0.243750 0.300000 0.240625 0.300000 0.239063 0.302083 0.235937 0.302083 0.234375 0.304167 0.229687 0.304167 0.228125 0.306250 0.225000 0.306250 0.223438 0.308333 0.220312 0.308333 0.218750 0.310417 0.217188 0.310417 0.215625 0.312500 0.212500 0.312500 0.210938 0.314583 0.206250 0.314583 0.204687 0.316667 0.203125 0.316667 0.201563 0.318750 0.201563 0.320833 0.200000 0.322917 0.200000 0.327083 0.198437 0.329167 0.198437 0.337500 0.196875 0.339583 0.196875 0.352083 0.195312 0.354167 0.195312 0.362500 0.193750 0.364583 0.193750 0.377083 0.192188 0.379167 0.192188 0.389583 0.190625 0.391667 0.190625 0.402083 0.189062 0.404167 0.189062 0.414583 0.187500 0.416667 0.187500 0.420833 0.185938 0.422917 0.185938 0.435417 0.184375 0.437500 0.184375 0.450000 0.182812 0.452083 0.182812 0.458333 0.181250 0.460417 0.181250 0.477083 0.179688 0.479167 0.179688 0.481250 0.171875 0.491667 0.171875 0.591667 0.170313 0.593750 0.170313 0.595833 0.168750 0.597917 0.168750 0.600000 0.167187 0.602083 0.167187 0.606250 0.165625 0.608333 0.165625 0.627083 0.167187 0.627083 0.170313 0.631250 0.170313 0.633333 0.173437 0.637500 0.173437 0.662500 0.175000 0.664583 0.175000 0.747917 0.176563 0.750000 0.176563 0.829167 0.178125 0.831250 0.178125 0.879167 0.179688 0.881250 0.179688 0.908333 0.181250 0.910417 0.181250 0.914583 0.182812 0.914583 0.184375 0.916667 0.215625 0.916667 0.217188 0.918750 0.217188 0.929167 0.218750 0.931250 0.218750 0.941667 0.221875 0.945833 0.271875 0.945833 0.273438 0.943750 0.287500 0.943750 0.289062 0.941667 0.292187 0.941667 0.293750 0.939583 0.296875 0.939583 0.298438 0.937500 0.300000 0.937500 0.306250 0.929167 0.307812 0.929167 0.310937 0.925000 0.312500 0.925000 0.325000 0.908333 0.326562 0.908333 0.328125 0.906250 0.329688 0.906250 0.332813 0.902083 0.334375 0.902083 0.335938 0.900000 0.337500 0.900000 0.340625 0.895833 0.342187 0.895833 0.343750 0.893750 0.345313 0.893750 0.346875 0.891667 0.348438 0.891667 0.353125 0.885417 0.354687 0.885417 0.357812 0.881250 0.359375 0.881250 0.362500 0.877083 0.364063 0.877083 0.365625 0.875000 0.365625 0.872917 0.367188 0.870833 0.368750 0.870833 0.373437 0.864583 0.375000 0.864583 0.376563 0.862500 0.376563 0.860417 0.378125 0.858333 0.378125 0.852083 0.379688 0.850000 0.379688 0.835417 0.381250 0.833333 0.381250 0.822917 0.382812 0.820833 0.382812 0.806250 0.384375 0.804167 0.384375 0.793750 0.385937 0.791667 0.385937 0.779167 0.387500 0.777083 0.387500 0.762500 0.389062 0.760417 0.389062 0.752083 0.390625 0.750000 0.390625 0.735417 0.392188 0.733333 0.392188 0.720833 0.393750 0.718750 0.393750 0.708333 0.395313 0.706250 0.395313 0.691667 0.396875 0.689583 0.396875 0.679167 0.398438 0.677083 0.398438 0.662500 0.400000 0.660417 0.400000 0.650000 0.401562 0.647917 0.401562 0.633333 0.403125 0.631250 0.403125 0.618750 0.404687 0.616667 0.404687 0.608333 0.406250 0.606250 0.406250 0.593750 0.407813 0.591667 0.407813 0.577083 0.409375 0.575000 0.409375 0.560417 0.410938 0.558333 0.410938 0.543750 0.412500 0.541667 0.412500 0.533333 0.414062 0.531250 0.414062 0.516667 0.415625 0.514583 0.415625 0.502083 0.417187 0.500000 0.417187 0.487500 0.418750 0.485417 0.418750 0.472917 0.420312 0.470833 0.420312 0.456250 0.421875 0.454167 0.421875 0.452083 0.420312 0.450000 0.421875 0.447917 0.421875 0.429167 0.420312 0.427083 0.420312 0.425000 0.421875 0.422917 0.420312 0.420833 0.420312 0.412500 0.418750 0.410417 0.418750 0.397917 0.417187 0.395833 0.417187 0.389583 0.415625 0.387500 0.415625 0.368750 0.414062 0.366667 0.414062 0.356250 0.412500 0.354167 0.412500 0.341667 0.410938 0.339583 0.410938 0.329167 0.409375 0.327083 0.409375 0.318750 0.407813 0.316667 0.407813 0.306250 0.406250 0.304167 0.406250 0.287500 0.404687 0.285417 0.406250 0.283333 0.406250 0.281250 0.404687 0.279167 0.404687 0.270833 0.403125 0.268750 0.403125 0.256250 0.401562 0.254167 0.401562 0.245833 0.400000 0.243750 0.400000 0.235417 0.398438 0.233333 0.390625 0.233333 0.389062 0.231250 0.389062 0.229167
1 0.387500 0.164583 0.385937 0.166667 0.384375 0.166667 0.382812 0.168750 0.382812 0.170833 0.376563 0.179167 0.376563 0.193750 0.378125 0.195833 0.381250 0.195833 0.384375 0.200000 0.385937 0.197917 0.387500 0.197917 0.389062 0.195833 0.389062 0.187500 0.390625 0.185417 0.390625 0.179167 0.389062 0.177083 0.389062 0.175000 0.390625 0.172917 0.390625 0.170833 0.389062 0.168750 0.389062 0.166667
1 0.439063 0.110417 0.442188 0.114583 0.443750 0.114583 0.448437 0.120833 0.451562 0.120833 0.453125 0.122917 0.454688 0.120833 0.454688 0.110417
1 0.165625 0.064583 0.164062 0.066667 0.162500 0.066667 0.164062 0.068750 0.165625 0.068750 0.167187 0.070833 0.179688 0.070833 0.181250 0.072917 0.189062 0.072917 0.190625 0.075000 0.204687 0.075000 0.206250 0.077083 0.210938 0.077083 0.212500 0.079167 0.215625 0.079167 0.218750 0.083333 0.218750 0.100000 0.217188 0.102083 0.217188 0.116667 0.215625 0.118750 0.215625 0.135417 0.214062 0.137500 0.214062 0.147917 0.212500 0.150000 0.212500 0.231250 0.218750 0.231250 0.220312 0.229167 0.221875 0.229167 0.223438 0.227083 0.228125 0.227083 0.229687 0.225000 0.231250 0.225000 0.232813 0.227083 0.234375 0.227083 0.235937 0.229167 0.237500 0.227083 0.239063 0.227083 0.240625 0.225000 0.240625 0.222917 0.242188 0.220833 0.242188 0.216667 0.243750 0.214583 0.243750 0.212500 0.245312 0.210417 0.245312 0.208333 0.248438 0.204167 0.248438 0.202083 0.254688 0.193750 0.257812 0.193750 0.259375 0.191667 0.262500 0.191667 0.264062 0.189583 0.273438 0.189583 0.275000 0.187500 0.279687 0.187500 0.281250 0.189583 0.284375 0.189583 0.285938 0.191667 0.290625 0.191667 0.292187 0.193750 0.293750 0.193750 0.293750 0.191667 0.295312 0.189583 0.295312 0.187500 0.298438 0.183333 0.298438 0.181250 0.304688 0.172917 0.304688 0.170833 0.307812 0.166667 0.307812 0.164583 0.315625 0.154167 0.315625 0.152083 0.321875 0.143750 0.321875 0.141667 0.329688 0.131250 0.329688 0.129167 0.337500 0.118750 0.337500 0.116667 0.343750 0.108333 0.343750 0.106250 0.346875 0.102083 0.346875 0.100000 0.350000 0.095833 0.350000 0.093750 0.346875 0.093750 0.345313 0.091667 0.337500 0.091667 0.335938 0.089583 0.325000 0.089583 0.323437 0.087500 0.312500 0.087500 0.310937 0.085417 0.298438 0.085417 0.296875 0.083333 0.287500 0.083333 0.285938 0.081250 0.275000 0.081250 0.273438 0.079167 0.262500 0.079167 0.260937 0.077083 0.245312 0.077083 0.243750 0.075000 0.231250 0.075000 0.229687 0.072917 0.217188 0.072917 0.215625 0.070833 0.200000 0.070833 0.198437 0.068750 0.187500 0.068750 0.185938 0.066667 0.175000 0.066667 0.173437 0.064583