0 0.139063 0.668750 0.137500 0.670833 0.134375 0.670833 0.132812 0.672917 0.129688 0.672917 0.128125 0.675000 0.126562 0.675000 0.125000 0.677083 0.123438 0.677083 0.121875 0.679167 0.121875 0.681250 0.120313 0.683333 0.120313 0.687500 0.118750 0.689583 0.118750 0.691667 0.106250 0.708333 0.104688 0.708333 0.101562 0.712500 0.100000 0.712500 0.095312 0.718750 0.093750 0.718750 0.081250 0.735417 0.081250 0.737500 0.073438 0.747917 0.071875 0.747917 0.067187 0.754167 0.065625 0.754167 0.064062 0.756250 0.062500 0.756250 0.060937 0.758333 0.059375 0.758333 0.057813 0.760417 0.056250 0.760417 0.054688 0.762500 0.051562 0.762500 0.050000 0.764583 0.048438 0.764583 0.046875 0.766667 0.043750 0.766667 0.042188 0.768750 0.039062 0.768750 0.037500 0.770833 0.034375 0.770833 0.032813 0.772917 0.031250 0.772917 0.029687 0.775000 0.028125 0.775000 0.026562 0.777083 0.025000 0.777083 0.023438 0.779167 0.020313 0.779167 0.018750 0.781250 0.015625 0.781250 0.014063 0.783333 0.012500 0.783333 0.010937 0.785417 0.007812 0.785417 0.006250 0.787500 0.003125 0.787500 0.001563 0.789583 0.000000 0.789583 0.000000 0.883333 0.001563 0.881250 0.003125 0.881250 0.015625 0.864583 0.017188 0.864583 0.023438 0.856250 0.025000 0.856250 0.026562 0.854167 0.028125 0.854167 0.032813 0.847917 0.034375 0.847917 0.037500 0.843750 0.039062 0.843750 0.042188 0.839583 0.043750 0.839583 0.048438 0.833333 0.050000 0.833333 0.053125 0.829167 0.054688 0.829167 0.060937 0.820833 0.062500 0.820833 0.067187 0.814583 0.068750 0.814583 0.073438 0.808333 0.075000 0.808333 0.078125 0.804167 0.079687 0.804167 0.082812 0.800000 0.084375 0.800000 0.085938 0.797917 0.087500 0.797917 0.089063 0.795833 0.090625 0.795833 0.092188 0.793750 0.093750 0.793750 0.095312 0.791667 0.096875 0.791667 0.098437 0.789583 0.100000 0.789583 0.101562 0.787500 0.103125 0.787500 0.104688 0.785417 0.106250 0.785417 0.107813 0.783333 0.110937 0.783333 0.112500 0.781250 0.115625 0.781250 0.117188 0.779167 0.120313 0.779167 0.121875 0.777083 0.126562 0.777083 0.128125 0.775000 0.132812 0.775000 0.134375 0.772917 0.139063 0.772917 0.140625 0.770833 0.143750 0.770833 0.145313 0.768750 0.150000 0.768750 0.151562 0.766667 0.156250 0.766667 0.157812 0.764583 0.160938 0.764583 0.162500 0.762500 0.165625 0.762500 0.167187 0.760417 0.170313 0.760417 0.178125 0.750000 0.178125 0.747917 0.182812 0.741667 0.182812 0.739583 0.189062 0.731250 0.190625 0.731250 0.192188 0.729167 0.192188 0.727083 0.196875 0.720833 0.196875 0.718750 0.204687 0.708333 0.204687 0.706250 0.207813 0.702083 0.207813 0.700000 0.209375 0.697917 0.209375 0.695833 0.210938 0.693750 0.210938 0.691667 0.212500 0.689583 0.212500 0.687500 0.214062 0.685417 0.215625 0.685417 0.215625 0.672917 0.214062 0.675000 0.212500 0.675000 0.210938 0.677083 0.209375 0.677083 0.207813 0.679167 0.206250 0.679167 0.204687 0.681250 0.203125 0.681250 0.200000 0.685417 0.198437 0.685417 0.196875 0.687500 0.195312 0.687500 0.193750 0.689583 0.192188 0.689583 0.190625 0.691667 0.189062 0.691667 0.187500 0.689583 0.187500 0.679167 0.189062 0.677083 0.189062 0.675000 0.187500 0.672917 0.187500 0.670833 0.167187 0.670833 0.165625 0.672917 0.159375 0.672917 0.157812 0.670833 0.151562 0.670833 0.150000 0.668750
0 0.282813 0.389583 0.281250 0.391667 0.273438 0.391667 0.271875 0.393750 0.264062 0.393750 0.262500 0.395833 0.254688 0.395833 0.253125 0.397917 0.248438 0.397917 0.246875 0.400000 0.243750 0.400000 0.242188 0.402083 0.237500 0.402083 0.235937 0.404167 0.232813 0.404167 0.231250 0.406250 0.228125 0.406250 0.226562 0.408333 0.221875 0.408333 0.220312 0.410417 0.218750 0.408333 0.215625 0.408333 0.214062 0.410417 0.214062 0.420833 0.212500 0.422917 0.212500 0.431250 0.210938 0.433333 0.210938 0.435417 0.209375 0.437500 0.209375 0.441667 0.200000 0.454167 0.198437 0.454167 0.198437 0.456250 0.196875 0.458333 0.196875 0.462500 0.195312 0.464583 0.195312 0.466667 0.193750 0.468750 0.193750 0.477083 0.195312 0.479167 0.195312 0.481250 0.200000 0.481250 0.201563 0.483333 0.215625 0.483333 0.217188 0.485417 0.220312 0.485417 0.221875 0.487500 0.225000 0.487500 0.226562 0.489583 0.229687 0.489583 0.231250 0.491667 0.232813 0.491667 0.234375 0.493750 0.237500 0.493750 0.239063 0.495833 0.240625 0.495833 0.242188 0.497917 0.245312 0.497917 0.246875 0.500000 0.248438 0.500000 0.250000 0.502083 0.253125 0.502083 0.254688 0.504167 0.257812 0.504167 0.259375 0.506250 0.262500 0.506250 0.264062 0.508333 0.265625 0.508333 0.267188 0.510417 0.273438 0.510417 0.275000 0.512500 0.279687 0.512500 0.281250 0.514583 0.289062 0.514583 0.290625 0.516667 0.295312 0.516667 0.296875 0.518750 0.300000 0.518750 0.301563 0.520833 0.304688 0.520833 0.306250 0.522917 0.309375 0.522917 0.310937 0.525000 0.317188 0.525000 0.318750 0.527083 0.326562 0.527083 0.328125 0.529167 0.329688 0.529167 0.331250 0.527083 0.334375 0.527083 0.335938 0.525000 0.337500 0.525000 0.339062 0.522917 0.339062 0.518750 0.340625 0.516667 0.339062 0.514583 0.339062 0.512500 0.337500 0.510417 0.337500 0.506250 0.335938 0.504167 0.335938 0.502083 0.339062 0.497917 0.339062 0.495833 0.340625 0.493750 0.342187 0.493750 0.343750 0.495833 0.350000 0.495833 0.351562 0.497917 0.354687 0.497917 0.359375 0.504167 0.359375 0.508333 0.360938 0.510417 0.362500 0.510417 0.364063 0.512500 0.365625 0.512500 0.367188 0.514583 0.371875 0.514583 0.371875 0.497917 0.370312 0.495833 0.370312 0.493750 0.368750 0.491667 0.368750 0.489583 0.367188 0.487500 0.367188 0.485417 0.364063 0.481250 0.364063 0.479167 0.362500 0.477083 0.362500 0.475000 0.359375 0.470833 0.359375 0.437500 0.357812 0.435417 0.357812 0.429167 0.356250 0.427083 0.356250 0.422917 0.354687 0.420833 0.354687 0.416667 0.353125 0.414583 0.353125 0.412500 0.350000 0.408333 0.346875 0.408333 0.345313 0.406250 0.343750 0.406250 0.340625 0.402083 0.335938 0.402083 0.334375 0.400000 0.329688 0.400000 0.328125 0.397917 0.323437 0.397917 0.321875 0.395833 0.318750 0.395833 0.317188 0.393750 0.312500 0.393750 0.310937 0.391667 0.303125 0.391667 0.301563 0.389583
0 0.000000 0.366667 0.000000 0.468750 0.003125 0.468750 0.004687 0.466667 0.032813 0.466667 0.034375 0.464583 0.071875 0.464583 0.073438 0.462500 0.075000 0.462500 0.076563 0.460417 0.076563 0.437500 0.075000 0.435417 0.075000 0.425000 0.073438 0.422917 0.073438 0.410417 0.071875 0.408333 0.071875 0.393750 0.070312 0.391667 0.070312 0.383333 0.067187 0.379167 0.065625 0.379167 0.064062 0.377083 0.056250 0.377083 0.054688 0.375000 0.043750 0.375000 0.042188 0.372917 0.034375 0.372917 0.032813 0.370833 0.023438 0.370833 0.021875 0.368750 0.012500 0.368750 0.010937 0.366667
2 0.206250 0.916667 0.204687 0.918750 0.187500 0.918750 0.185938 0.920833 0.179688 0.920833 0.178125 0.922917 0.178125 0.929167 0.176563 0.931250 0.176563 0.950000 0.175000 0.952083 0.175000 0.968750 0.173437 0.970833 0.173437 0.997917 0.214062 0.997917 0.215625 0.995833 0.215625 0.972917 0.217188 0.970833 0.217188 0.927083 0.215625 0.925000 0.215625 0.918750 0.214062 0.918750 0.212500 0.916667
2 0.160938 0.072917 0.159375 0.075000 0.159375 0.079167 0.157812 0.081250 0.157812 0.085417 0.156250 0.087500 0.156250 0.089583 0.154688 0.091667 0.156250 0.093750 0.154688 0.095833 0.154688 0.100000 0.153125 0.102083 0.153125 0.104167 0.151562 0.106250 0.151562 0.114583 0.150000 0.116667 0.150000 0.120833 0.148438 0.122917 0.148438 0.129167 0.146875 0.131250 0.146875 0.133333 0.145313 0.135417 0.145313 0.137500 0.143750 0.139583 0.143750 0.141667 0.142187 0.143750 0.142187 0.145833 0.140625 0.147917 0.140625 0.150000 0.139063 0.152083 0.139063 0.154167 0.137500 0.156250 0.137500 0.160417 0.135937 0.162500 0.135937 0.166667 0.134375 0.168750 0.134375 0.175000 0.132812 0.177083 0.132812 0.179167 0.131250 0.181250 0.131250 0.183333 0.129688 0.185417 0.129688 0.189583 0.128125 0.191667 0.128125 0.195833 0.125000 0.200000 0.125000 0.204167 0.123438 0.206250 0.123438 0.210417 0.121875 0.212500 0.121875 0.216667 0.120313 0.218750 0.120313 0.220833 0.118750 0.222917 0.118750 0.227083 0.115625 0.231250 0.115625 0.235417 0.114062 0.237500 0.114062 0.239583 0.112500 0.241667 0.112500 0.243750 0.110937 0.245833 0.110937 0.250000 0.109375 0.252083 0.109375 0.254167 0.107813 0.256250 0.107813 0.258333 0.106250 0.260417 0.106250 0.264583 0.104688 0.266667 0.104688 0.268750 0.103125 0.270833 0.103125 0.272917 0.101562 0.275000 0.101562 0.281250 0.100000 0.283333 0.100000 0.285417 0.098437 0.287500 0.098437 0.291667 0.096875 0.293750 0.096875 0.297917 0.095312 0.300000 0.095312 0.304167 0.093750 0.306250 0.093750 0.310417 0.092188 0.312500 0.092188 0.314583 0.090625 0.316667 0.090625 0.318750 0.089063 0.320833 0.089063 0.322917 0.087500 0.325000 0.092188 0.331250 0.092188 0.333333 0.090625 0.335417 0.090625 0.339583 0.087500 0.343750 0.085938 0.343750 0.084375 0.345833 0.084375 0.347917 0.082812 0.350000 0.082812 0.356250 0.081250 0.358333 0.079687 0.358333 0.078125 0.360417 0.078125 0.364583 0.076563 0.366667 0.076563 0.370833 0.071875 0.377083 0.071875 0.383333 0.073438 0.385417 0.073438 0.397917 0.075000 0.400000 0.075000 0.414583 0.076563 0.416667 0.076563 0.429167 0.078125 0.431250 0.078125 0.464583 0.079687 0.466667 0.078125 0.468750 0.079687 0.470833 0.079687 0.477083 0.081250 0.479167 0.081250 0.481250 0.082812 0.483333 0.084375 0.483333 0.085938 0.485417 0.131250 0.485417 0.132812 0.487500 0.171875 0.487500 0.173437 0.485417 0.178125 0.485417 0.179688 0.483333 0.179688 0.481250 0.181250 0.479167 0.181250 0.477083 0.179688 0.475000 0.179688 0.472917 0.181250 0.470833 0.181250 0.445833 0.182812 0.443750 0.182812 0.437500 0.181250 0.435417 0.181250 0.420833 0.182812 0.418750 0.182812 0.416667 0.184375 0.414583 0.184375 0.412500 0.182812 0.410417 0.182812 0.383333 0.179688 0.379167 0.179688 0.375000 0.181250 0.372917 0.182812 0.372917 0.182812 0.370833 0.184375 0.368750 0.184375 0.364583 0.185938 0.362500 0.185938 0.360417 0.182812 0.356250 0.182812 0.350000 0.185938 0.345833 0.185938 0.343750 0.187500 0.341667 0.187500 0.331250 0.189062 0.329167 0.189062 0.327083 0.190625 0.325000 0.190625 0.304167 0.192188 0.302083 0.192188 0.300000 0.193750 0.297917 0.192188 0.295833 0.192188 0.289583 0.193750 0.287500 0.193750 0.285417 0.195312 0.283333 0.195312 0.268750 0.196875 0.266667 0.195312 0.264583 0.195312 0.258333 0.196875 0.256250 0.196875 0.239583 0.198437 0.237500 0.198437 0.227083 0.200000 0.225000 0.200000 0.222917 0.201563 0.220833 0.201563 0.208333 0.203125 0.206250 0.203125 0.195833 0.204687 0.193750 0.204687 0.179167 0.206250 0.177083 0.206250 0.166667 0.207813 0.164583 0.207813 0.156250 0.209375 0.154167 0.209375 0.143750 0.210938 0.141667 0.210938 0.133333 0.212500 0.131250 0.212500 0.120833 0.214062 0.118750 0.214062 0.110417 0.215625 0.108333 0.215625 0.097917 0.217188 0.095833 0.217188 0.083333 0.215625 0.081250 0.214062 0.081250 0.212500 0.079167 0.210938 0.079167 0.209375 0.077083 0.201563 0.077083 0.200000 0.075000 0.185938 0.075000 0.184375 0.072917
2 0.418750 0.116667 0.415625 0.120833 0.415625 0.164583 0.417187 0.166667 0.417187 0.175000 0.418750 0.177083 0.418750 0.187500 0.420312 0.189583 0.420312 0.202083 0.421875 0.204167 0.421875 0.216667 0.423438 0.218750 0.423438 0.227083 0.425000 0.229167 0.425000 0.237500 0.426563 0.239583 0.426563 0.247917 0.428125 0.250000 0.428125 0.264583 0.429688 0.266667 0.429688 0.279167 0.431250 0.281250 0.431250 0.293750 0.432812 0.295833 0.432812 0.302083 0.434375 0.304167 0.434375 0.314583 0.435937 0.316667 0.435937 0.327083 0.437500 0.329167 0.437500 0.341667 0.439063 0.343750 0.439063 0.356250 0.440625 0.358333 0.440625 0.370833 0.442188 0.372917 0.442188 0.381250 0.443750 0.383333 0.443750 0.404167 0.445312 0.406250 0.445312 0.412500 0.446875 0.414583 0.445312 0.416667 0.445312 0.425000 0.443750 0.427083 0.443750 0.433333 0.442188 0.435417 0.442188 0.437500 0.440625 0.439583 0.440625 0.445833 0.439063 0.447917 0.439063 0.450000 0.437500 0.452083 0.437500 0.458333 0.435937 0.460417 0.435937 0.466667 0.434375 0.468750 0.434375 0.472917 0.432812 0.475000 0.432812 0.481250 0.431250 0.483333 0.431250 0.489583 0.429688 0.491667 0.429688 0.497917 0.428125 0.500000 0.428125 0.506250 0.431250 0.510417 0.432812 0.510417 0.434375 0.512500 0.440625 0.512500 0.442188 0.514583 0.450000 0.514583 0.451562 0.516667 0.459375 0.516667 0.460938 0.518750 0.467187 0.518750 0.468750 0.520833 0.476562 0.520833 0.478125 0.522917 0.485938 0.522917 0.487500 0.525000 0.495312 0.525000 0.496875 0.527083 0.506250 0.527083 0.507812 0.525000 0.507812 0.522917 0.509375 0.520833 0.509375 0.518750 0.510938 0.516667 0.510938 0.512500 0.512500 0.510417 0.512500 0.508333 0.514062 0.506250 0.514062 0.502083 0.515625 0.500000 0.515625 0.497917 0.517188 0.495833 0.517188 0.491667 0.518750 0.489583 0.518750 0.485417 0.520312 0.483333 0.520312 0.481250 0.521875 0.479167 0.521875 0.475000 0.523438 0.472917 0.523438 0.468750 0.525000 0.466667 0.525000 0.462500 0.526563 0.460417 0.526563 0.458333 0.528125 0.456250 0.528125 0.452083 0.529687 0.450000 0.529687 0.445833 0.531250 0.443750 0.531250 0.437500 0.532813 0.435417 0.531250 0.433333 0.531250 0.416667 0.529687 0.414583 0.529687 0.410417 0.528125 0.408333 0.528125 0.397917 0.525000 0.393750 0.525000 0.387500 0.523438 0.385417 0.523438 0.383333 0.521875 0.381250 0.521875 0.377083 0.518750 0.372917 0.518750 0.368750 0.517188 0.366667 0.517188 0.364583 0.515625 0.362500 0.515625 0.358333 0.514062 0.356250 0.514062 0.352083 0.512500 0.350000 0.512500 0.345833 0.510938 0.343750 0.510938 0.341667 0.509375 0.339583 0.509375 0.337500 0.507812 0.335417 0.507812 0.333333 0.506250 0.331250 0.506250 0.327083 0.504687 0.325000 0.504687 0.318750 0.503125 0.316667 0.503125 0.312500 0.501563 0.310417 0.501563 0.306250 0.500000 0.304167 0.500000 0.300000 0.498437 0.297917 0.498437 0.291667 0.496875 0.289583 0.496875 0.285417 0.495312 0.283333 0.495312 0.281250 0.493750 0.279167 0.493750 0.277083 0.492188 0.275000 0.492188 0.270833 0.490625 0.268750 0.490625 0.264583 0.489063 0.262500 0.489063 0.258333 0.487500 0.256250 0.487500 0.252083 0.485938 0.250000 0.485938 0.241667 0.484375 0.239583 0.484375 0.235417 0.482812 0.233333 0.482812 0.227083 0.481250 0.225000 0.481250 0.220833 0.479687 0.218750 0.479687 0.214583 0.478125 0.212500 0.478125 0.208333 0.476562 0.206250 0.476562 0.200000 0.475000 0.197917 0.475000 0.191667 0.473438 0.189583 0.473438 0.185417 0.471875 0.183333 0.471875 0.181250 0.470313 0.179167 0.470313 0.175000 0.468750 0.172917 0.468750 0.170833 0.465625 0.166667 0.465625 0.158333 0.464062 0.156250 0.464062 0.154167 0.462500 0.152083 0.462500 0.143750 0.460938 0.141667 0.460938 0.137500 0.459375 0.135417 0.459375 0.133333 0.456250 0.129167 0.450000 0.129167 0.448437 0.127083 0.440625 0.127083 0.439063 0.125000 0.437500 0.127083 0.434375 0.127083 0.432812 0.125000 0.432812 0.122917 0.431250 0.120833 0.423438 0.120833 0.421875 0.118750 0.420312 0.118750
2 0.678125 0.027083 0.673438 0.033333 0.673438 0.035417 0.671875 0.037500 0.670312 0.037500 0.665625 0.043750 0.665625 0.045833 0.667188 0.047917 0.660937 0.056250 0.660937 0.060417 0.659375 0.062500 0.657813 0.062500 0.657813 0.072917 0.656250 0.075000 0.656250 0.087500 0.657813 0.089583 0.657813 0.095833 0.659375 0.097917 0.659375 0.100000 0.662500 0.104167 0.662500 0.106250 0.665625 0.110417 0.665625 0.112500 0.667188 0.114583 0.667188 0.116667 0.671875 0.122917 0.671875 0.125000 0.675000 0.129167 0.675000 0.131250 0.678125 0.135417 0.678125 0.137500 0.681250 0.141667 0.681250 0.143750 0.684375 0.147917 0.684375 0.150000 0.687500 0.154167 0.687500 0.156250 0.689063 0.158333 0.689063 0.160417 0.693750 0.166667 0.693750 0.168750 0.695312 0.170833 0.695312 0.172917 0.698438 0.177083 0.698438 0.179167 0.703125 0.185417 0.703125 0.187500 0.704688 0.189583 0.704688 0.191667 0.709375 0.197917 0.709375 0.200000 0.712500 0.204167 0.712500 0.206250 0.715625 0.210417 0.715625 0.212500 0.717187 0.212500 0.718750 0.214583 0.718750 0.216667 0.723437 0.222917 0.723437 0.225000 0.726562 0.229167 0.726562 0.231250 0.731250 0.237500 0.731250 0.239583 0.735938 0.245833 0.735938 0.247917 0.740625 0.254167 0.740625 0.256250 0.743750 0.260417 0.743750 0.262500 0.751563 0.272917 0.751563 0.275000 0.753125 0.275000 0.754687 0.277083 0.754687 0.279167 0.759375 0.285417 0.759375 0.287500 0.764062 0.287500 0.765625 0.285417 0.771875 0.285417 0.773438 0.283333 0.782813 0.283333 0.785937 0.279167 0.784375 0.281250 0.775000 0.281250 0.773438 0.279167 0.773438 0.277083 0.775000 0.275000 0.782813 0.275000 0.782813 0.272917 0.781250 0.270833 0.782813 0.268750 0.784375 0.268750 0.785937 0.270833 0.789062 0.266667 0.790625 0.266667 0.793750 0.262500 0.796875 0.262500 0.796875 0.258333 0.795312 0.256250 0.795312 0.252083 0.793750 0.250000 0.793750 0.247917 0.792188 0.245833 0.792188 0.243750 0.790625 0.241667 0.790625 0.237500 0.785937 0.231250 0.785937 0.227083 0.782813 0.222917 0.782813 0.220833 0.781250 0.218750 0.781250 0.216667 0.778125 0.212500 0.778125 0.210417 0.776563 0.208333 0.776563 0.206250 0.775000 0.204167 0.775000 0.200000 0.771875 0.195833 0.771875 0.193750 0.770312 0.191667 0.770312 0.189583 0.765625 0.183333 0.765625 0.181250 0.762500 0.177083 0.762500 0.175000 0.754687 0.164583 0.754687 0.162500 0.751563 0.158333 0.751563 0.154167 0.748437 0.150000 0.748437 0.147917 0.746875 0.145833 0.746875 0.143750 0.743750 0.139583 0.743750 0.137500 0.740625 0.133333 0.740625 0.131250 0.735938 0.125000 0.735938 0.120833 0.731250 0.114583 0.731250 0.112500 0.728125 0.108333 0.728125 0.106250 0.723437 0.100000 0.723437 0.097917 0.720313 0.093750 0.720313 0.091667 0.718750 0.089583 0.718750 0.087500 0.715625 0.083333 0.715625 0.081250 0.714063 0.079167 0.714063 0.077083 0.712500 0.075000 0.712500 0.072917 0.707812 0.066667 0.707812 0.064583 0.704688 0.060417 0.704688 0.058333 0.701562 0.054167 0.701562 0.052083 0.698438 0.047917 0.698438 0.043750 0.692187 0.035417 0.692187 0.033333 0.687500 0.027083
3 0.515625 0.356250 0.515625 0.368750 0.517188 0.370833 0.517188 0.375000 0.518750 0.377083 0.518750 0.381250 0.520312 0.383333 0.520312 0.389583 0.521875 0.391667 0.521875 0.393750 0.523438 0.395833 0.523438 0.397917 0.525000 0.400000 0.525000 0.402083 0.526563 0.404167 0.526563 0.408333 0.528125 0.410417 0.528125 0.412500 0.529687 0.414583 0.529687 0.416667 0.531250 0.418750 0.531250 0.420833 0.532813 0.422917 0.532813 0.425000 0.534375 0.427083 0.535937 0.427083 0.537500 0.429167 0.539062 0.429167 0.543750 0.435417 0.545312 0.435417 0.546875 0.437500 0.548438 0.437500 0.557813 0.450000 0.559375 0.450000 0.568750 0.462500 0.570312 0.462500 0.578125 0.472917 0.578125 0.475000 0.579688 0.475000 0.582812 0.479167 0.587500 0.479167 0.589063 0.477083 0.589063 0.475000 0.590625 0.472917 0.590625 0.468750 0.564063 0.433333 0.562500 0.433333 0.556250 0.425000 0.554688 0.425000 0.550000 0.418750 0.550000 0.416667 0.546875 0.412500 0.546875 0.410417 0.545312 0.408333 0.545312 0.404167 0.543750 0.402083 0.543750 0.400000 0.540625 0.395833 0.540625 0.391667 0.537500 0.387500 0.537500 0.385417 0.518750 0.360417 0.518750 0.358333 0.517188 0.356250
4 0.342187 0.525000 0.340625 0.527083 0.339062 0.527083 0.335938 0.531250 0.334375 0.531250 0.332813 0.533333 0.328125 0.533333 0.326562 0.535417 0.325000 0.535417 0.321875 0.539583 0.320312 0.539583 0.315625 0.545833 0.314063 0.545833 0.310937 0.550000 0.309375 0.550000 0.304688 0.556250 0.303125 0.556250 0.296875 0.564583 0.295312 0.564583 0.292187 0.568750 0.290625 0.568750 0.285938 0.575000 0.284375 0.575000 0.279687 0.581250 0.278125 0.581250 0.273438 0.587500 0.271875 0.587500 0.265625 0.595833 0.264062 0.595833 0.260937 0.600000 0.259375 0.600000 0.253125 0.608333 0.251563 0.608333 0.246875 0.614583 0.245312 0.614583 0.240625 0.620833 0.239063 0.620833 0.235937 0.625000 0.234375 0.625000 0.228125 0.633333 0.226562 0.633333 0.223438 0.637500 0.221875 0.637500 0.220312 0.639583 0.218750 0.639583 0.217188 0.641667 0.215625 0.641667 0.209375 0.650000 0.209375 0.652083 0.206250 0.656250 0.204687 0.656250 0.201563 0.660417 0.200000 0.660417 0.192188 0.670833 0.192188 0.681250 0.196875 0.681250 0.198437 0.679167 0.200000 0.679167 0.201563 0.677083 0.203125 0.677083 0.204687 0.675000 0.206250 0.675000 0.209375 0.670833 0.210938 0.670833 0.215625 0.664583 0.218750 0.664583 0.221875 0.660417 0.223438 0.660417 0.228125 0.654167 0.229687 0.654167 0.235937 0.645833 0.237500 0.645833 0.245312 0.635417 0.246875 0.635417 0.250000 0.631250 0.251563 0.631250 0.256250 0.625000 0.257812 0.625000 0.264062 0.616667 0.265625 0.616667 0.270313 0.610417 0.271875 0.610417 0.278125 0.602083 0.279687 0.602083 0.284375 0.595833 0.285938 0.595833 0.292187 0.587500 0.293750 0.587500 0.296875 0.583333 0.298438 0.583333 0.306250 0.572917 0.307812 0.572917 0.312500 0.566667 0.314063 0.566667 0.317188 0.562500 0.318750 0.562500 0.323437 0.556250 0.325000 0.556250 0.337500 0.539583 0.342187 0.539583 0.345313 0.543750 0.346875 0.543750 0.353125 0.552083 0.354687 0.552083 0.360938 0.560417 0.362500 0.560417 0.364063 0.562500 0.365625 0.562500 0.367188 0.564583 0.368750 0.564583 0.370312 0.562500 0.373437 0.562500 0.376563 0.558333 0.378125 0.558333 0.381250 0.554167 0.382812 0.554167 0.387500 0.547917 0.389062 0.547917 0.389062 0.545833 0.392188 0.541667 0.392188 0.533333 0.390625 0.531250 0.390625 0.529167 0.387500 0.525000 0.379688 0.525000 0.378125 0.527083 0.375000 0.527083 0.373437 0.529167 0.371875 0.529167 0.370312 0.531250 0.368750 0.531250 0.367188 0.533333 0.359375 0.533333 0.357812 0.531250 0.357812 0.529167 0.356250 0.529167 0.354687 0.527083 0.351562 0.527083 0.350000 0.525000
1 0.184375 0.487500 0.182812 0.489583 0.179688 0.489583 0.178125 0.491667 0.175000 0.491667 0.173437 0.493750 0.171875 0.493750 0.171875 0.500000 0.170313 0.502083 0.170313 0.512500 0.171875 0.514583 0.171875 0.591667 0.170313 0.593750 0.170313 0.597917 0.167187 0.602083 0.167187 0.606250 0.165625 0.608333 0.165625 0.625000 0.168750 0.625000 0.170313 0.627083 0.170313 0.631250 0.171875 0.633333 0.171875 0.635417 0.173437 0.637500 0.173437 0.658333 0.175000 0.660417 0.175000 0.662500 0.184375 0.662500 0.185938 0.664583 0.187500 0.664583 0.189062 0.666667 0.190625 0.664583 0.192188 0.664583 0.193750 0.662500 0.195312 0.662500 0.200000 0.656250 0.201563 0.656250 0.203125 0.654167 0.204687 0.654167 0.209375 0.647917 0.209375 0.645833 0.215625 0.637500 0.218750 0.637500 0.220312 0.635417 0.221875 0.635417 0.226562 0.629167 0.228125 0.629167 0.229687 0.627083 0.231250 0.627083 0.235937 0.620833 0.237500 0.620833 0.242188 0.614583 0.243750 0.614583 0.248438 0.608333 0.250000 0.608333 0.254688 0.602083 0.256250 0.602083 0.262500 0.593750 0.264062 0.593750 0.267188 0.589583 0.268750 0.589583 0.273438 0.583333 0.275000 0.583333 0.281250 0.575000 0.282813 0.575000 0.285938 0.570833 0.287500 0.570833 0.293750 0.562500 0.295312 0.562500 0.298438 0.558333 0.300000 0.558333 0.310937 0.543750 0.312500 0.543750 0.312500 0.541667 0.314063 0.539583 0.314063 0.533333 0.309375 0.533333 0.306250 0.529167 0.301563 0.529167 0.300000 0.527083 0.296875 0.527083 0.295312 0.525000 0.290625 0.525000 0.289062 0.522917 0.282813 0.522917 0.281250 0.520833 0.276562 0.520833 0.275000 0.518750 0.270313 0.518750 0.268750 0.516667 0.267188 0.516667 0.265625 0.514583 0.264062 0.514583 0.262500 0.512500 0.256250 0.512500 0.254688 0.510417 0.251563 0.510417 0.250000 0.508333 0.248438 0.508333 0.246875 0.506250 0.243750 0.506250 0.242188 0.504167 0.239063 0.504167 0.237500 0.502083 0.235937 0.502083 0.234375 0.500000 0.232813 0.500000 0.231250 0.497917 0.229687 0.497917 0.228125 0.495833 0.223438 0.495833 0.221875 0.493750 0.220312 0.493750 0.218750 0.491667 0.217188 0.491667 0.215625 0.489583 0.203125 0.489583 0.201563 0.487500 0.198437 0.487500 0.196875 0.489583 0.187500 0.489583 0.185938 0.487500
1 0.434375 0.110417 0.439063 0.116667 0.440625 0.114583 0.443750 0.114583 0.446875 0.118750 0.448437 0.118750 0.450000 0.116667 0.453125 0.116667 0.448437 0.110417
1 0.164062 0.066667 0.165625 0.068750 0.167187 0.068750 0.168750 0.070833 0.179688 0.070833 0.181250 0.072917 0.193750 0.072917 0.195312 0.075000 0.207813 0.075000 0.209375 0.077083 0.212500 0.077083 0.214062 0.079167 0.215625 0.079167 0.217188 0.081250 0.217188 0.083333 0.218750 0.085417 0.218750 0.095833 0.217188 0.097917 0.217188 0.112500 0.215625 0.114583 0.215625 0.127083 0.214062 0.129167 0.214062 0.137500 0.212500 0.139583 0.212500 0.147917 0.210938 0.150000 0.210938 0.162500 0.209375 0.164583 0.209375 0.170833 0.207813 0.172917 0.207813 0.189583 0.206250 0.191667 0.206250 0.200000 0.204687 0.202083 0.204687 0.208333 0.203125 0.210417 0.203125 0.225000 0.201563 0.227083 0.201563 0.233333 0.203125 0.235417 0.201563 0.237500 0.201563 0.270833 0.200000 0.272917 0.200000 0.281250 0.198437 0.283333 0.198437 0.287500 0.196875 0.289583 0.198437 0.291667 0.198437 0.293750 0.196875 0.295833 0.196875 0.297917 0.195312 0.300000 0.195312 0.306250 0.193750 0.308333 0.193750 0.312500 0.190625 0.316667 0.190625 0.318750 0.189062 0.320833 0.189062 0.322917 0.190625 0.325000 0.189062 0.327083 0.189062 0.350000 0.187500 0.352083 0.189062 0.354167 0.189062 0.356250 0.185938 0.360417 0.185938 0.364583 0.187500 0.366667 0.187500 0.368750 0.189062 0.368750 0.190625 0.370833 0.192188 0.370833 0.193750 0.372917 0.195312 0.372917 0.196875 0.375000 0.198437 0.375000 0.200000 0.372917 0.210938 0.387500 0.210938 0.389583 0.212500 0.391667 0.212500 0.395833 0.215625 0.400000 0.215625 0.402083 0.217188 0.404167 0.218750 0.402083 0.223438 0.402083 0.225000 0.400000 0.231250 0.400000 0.232813 0.397917 0.237500 0.397917 0.239063 0.395833 0.242188 0.395833 0.243750 0.393750 0.250000 0.393750 0.251563 0.391667 0.259375 0.391667 0.260937 0.389583 0.265625 0.389583 0.267188 0.387500 0.273438 0.387500 0.275000 0.385417 0.282813 0.385417 0.284375 0.383333 0.303125 0.383333 0.304688 0.385417 0.309375 0.385417 0.310937 0.387500 0.317188 0.387500 0.318750 0.389583 0.323437 0.389583 0.325000 0.391667 0.331250 0.391667 0.332813 0.393750 0.335938 0.393750 0.337500 0.395833 0.340625 0.395833 0.342187 0.397917 0.343750 0.397917 0.345313 0.400000 0.346875 0.400000 0.348438 0.402083 0.350000 0.402083 0.356250 0.410417 0.356250 0.412500 0.357812 0.414583 0.357812 0.418750 0.360938 0.422917 0.360938 0.429167 0.362500 0.431250 0.362500 0.443750 0.364063 0.445833 0.364063 0.447917 0.362500 0.450000 0.364063 0.452083 0.364063 0.466667 0.365625 0.468750 0.365625 0.472917 0.368750 0.477083 0.368750 0.479167 0.370312 0.481250 0.370312 0.483333 0.373437 0.487500 0.373437 0.491667 0.375000 0.493750 0.375000 0.497917 0.376563 0.500000 0.376563 0.506250 0.378125 0.508333 0.378125 0.514583 0.376563 0.516667 0.378125 0.518750 0.379688 0.518750 0.381250 0.520833 0.387500 0.520833 0.392188 0.527083 0.392188 0.529167 0.393750 0.531250 0.393750 0.541667 0.392188 0.543750 0.392188 0.545833 0.385937 0.554167 0.384375 0.554167 0.379688 0.560417 0.378125 0.560417 0.375000 0.564583 0.373437 0.564583 0.371875 0.566667 0.364063 0.566667 0.362500 0.564583 0.360938 0.564583 0.357812 0.560417 0.356250 0.560417 0.351562 0.554167 0.350000 0.554167 0.348438 0.552083 0.346875 0.552083 0.343750 0.547917 0.342187 0.547917 0.340625 0.545833 0.339062 0.545833 0.337500 0.547917 0.335938 0.547917 0.331250 0.554167 0.329688 0.554167 0.326562 0.558333 0.325000 0.558333 0.320312 0.564583 0.318750 0.564583 0.314063 0.570833 0.312500 0.570833 0.310937 0.572917 0.309375 0.572917 0.309375 0.575000 0.307812 0.577083 0.306250 0.577083 0.300000 0.585417 0.298438 0.585417 0.296875 0.587500 0.295312 0.587500 0.285938 0.600000 0.284375 0.600000 0.282813 0.602083 0.281250 0.602083 0.275000 0.610417 0.273438 0.610417 0.268750 0.616667 0.267188 0.616667 0.259375 0.627083 0.257812 0.627083 0.254688 0.631250 0.253125 0.631250 0.251563 0.633333 0.250000 0.633333 0.239063 0.647917 0.237500 0.647917 0.229687 0.658333 0.228125 0.658333 0.226562 0.660417 0.226562 0.662500 0.223438 0.666667 0.223438 0.668750 0.221875 0.670833 0.221875 0.672917 0.220312 0.675000 0.220312 0.679167 0.218750 0.681250 0.218750 0.687500 0.217188 0.689583 0.217188 0.693750 0.214062 0.697917 0.214062 0.700000 0.212500 0.702083 0.212500 0.704167 0.210938 0.706250 0.210938 0.708333 0.209375 0.710417 0.209375 0.712500 0.206250 0.716667 0.206250 0.718750 0.192188 0.737500 0.192188 0.739583 0.176563 0.760417 0.176563 0.810417 0.178125 0.812500 0.178125 0.864583 0.179688 0.866667 0.179688 0.908333 0.181250 0.910417 0.181250 0.914583 0.182812 0.916667 0.204687 0.916667 0.206250 0.914583 0.210938 0.914583 0.212500 0.916667 0.215625 0.916667 0.217188 0.918750 0.217188 0.925000 0.218750 0.927083 0.218750 0.941667 0.221875 0.945833 0.260937 0.945833 0.262500 0.943750 0.298438 0.943750 0.300000 0.941667 0.331250 0.941667 0.332813 0.939583 0.348438 0.939583 0.350000 0.937500 0.354687 0.937500 0.356250 0.939583 0.357812 0.939583 0.359375 0.937500 0.367188 0.937500 0.368750 0.935417 0.368750 0.931250 0.370312 0.929167 0.370312 0.916667 0.371875 0.914583 0.371875 0.904167 0.373437 0.902083 0.373437 0.893750 0.375000 0.891667 0.375000 0.877083 0.376563 0.875000 0.376563 0.866667 0.378125 0.864583 0.378125 0.850000 0.379688 0.847917 0.379688 0.835417 0.381250 0.833333 0.381250 0.822917 0.382812 0.820833 0.382812 0.806250 0.384375 0.804167 0.384375 0.795833 0.385937 0.793750 0.385937 0.781250 0.387500 0.779167 0.387500 0.762500 0.389062 0.760417 0.389062 0.752083 0.390625 0.750000 0.390625 0.735417 0.392188 0.733333 0.392188 0.725000 0.393750 0.722917 0.393750 0.708333 0.395313 0.706250 0.395313 0.693750 0.396875 0.691667 0.396875 0.681250 0.398438 0.679167 0.398438 0.662500 0.400000 0.660417 0.400000 0.652083 0.401562 0.650000 0.401562 0.635417 0.403125 0.633333 0.403125 0.620833 0.404687 0.618750 0.404687 0.608333 0.406250 0.606250 0.406250 0.593750 0.407813 0.591667 0.407813 0.577083 0.409375 0.575000 0.409375 0.560417 0.410938 0.558333 0.410938 0.545833 0.412500 0.543750 0.412500 0.533333 0.414062 0.531250 0.414062 0.516667 0.415625 0.514583 0.415625 0.506250 0.417187 0.504167 0.417187 0.489583 0.418750 0.487500 0.418750 0.479167 0.420312 0.477083 0.420312 0.464583 0.421875 0.462500 0.421875 0.452083 0.420312 0.450000 0.421875 0.447917 0.421875 0.445833 0.420312 0.443750 0.420312 0.431250 0.418750 0.429167 0.418750 0.420833 0.417187 0.418750 0.417187 0.397917 0.415625 0.395833 0.415625 0.383333 0.414062 0.381250 0.414062 0.360417 0.412500 0.358333 0.412500 0.343750 0.410938 0.341667 0.410938 0.333333 0.409375 0.331250 0.409375 0.325000 0.407813 0.322917 0.407813 0.297917 0.406250 0.295833 0.406250 0.272917 0.404687 0.270833 0.404687 0.264583 0.403125 0.262500 0.403125 0.254167 0.401562 0.252083 0.401562 0.233333 0.400000 0.231250 0.400000 0.218750 0.398438 0.216667 0.398438 0.189583 0.396875 0.187500 0.396875 0.164583 0.398438 0.162500 0.398438 0.152083 0.400000 0.150000 0.400000 0.145833 0.401562 0.143750 0.401562 0.133333 0.403125 0.131250 0.403125 0.129167 0.404687 0.127083 0.404687 0.125000 0.406250 0.122917 0.406250 0.110417 0.409375 0.106250 0.409375 0.104167 0.407813 0.104167 0.406250 0.102083 0.396875 0.102083 0.395313 0.100000 0.385937 0.100000 0.384375 0.097917 0.375000 0.097917 0.373437 0.095833 0.360938 0.095833 0.359375 0.093750 0.350000 0.093750 0.348438 0.091667 0.334375 0.091667 0.332813 0.089583 0.321875 0.089583 0.320312 0.087500 0.307812 0.087500 0.306250 0.085417 0.296875 0.085417 0.295312 0.083333 0.284375 0.083333 0.282813 0.081250 0.271875 0.081250 0.270313 0.079167 0.260937 0.079167 0.259375 0.077083 0.242188 0.077083 0.240625 0.075000 0.226562 0.075000 0.225000 0.072917 0.214062 0.072917 0.212500 0.070833 0.192188 0.070833 0.190625 0.068750 0.184375 0.068750 0.182812 0.066667