0 0.507812 0.352083 0.506250 0.354167 0.501563 0.354167 0.498437 0.358333 0.496875 0.358333 0.495312 0.360417 0.493750 0.360417 0.487500 0.368750 0.485938 0.368750 0.482812 0.372917 0.481250 0.372917 0.479687 0.375000 0.476562 0.375000 0.475000 0.377083 0.471875 0.377083 0.470313 0.379167 0.468750 0.379167 0.465625 0.383333 0.464062 0.383333 0.459375 0.389583 0.459375 0.391667 0.456250 0.395833 0.456250 0.397917 0.454688 0.400000 0.454688 0.402083 0.453125 0.404167 0.453125 0.406250 0.451562 0.408333 0.451562 0.410417 0.450000 0.412500 0.450000 0.414583 0.448437 0.416667 0.448437 0.418750 0.445312 0.422917 0.445312 0.425000 0.443750 0.427083 0.443750 0.429167 0.440625 0.433333 0.440625 0.435417 0.435937 0.441667 0.435937 0.443750 0.432812 0.447917 0.432812 0.450000 0.431250 0.452083 0.429688 0.452083 0.428125 0.454167 0.428125 0.458333 0.426563 0.460417 0.426563 0.462500 0.425000 0.464583 0.425000 0.466667 0.423438 0.468750 0.423438 0.470833 0.421875 0.472917 0.421875 0.475000 0.420312 0.477083 0.420312 0.481250 0.417187 0.485417 0.417187 0.487500 0.414062 0.491667 0.414062 0.493750 0.412500 0.495833 0.412500 0.497917 0.410938 0.500000 0.410938 0.502083 0.409375 0.504167 0.409375 0.506250 0.406250 0.510417 0.406250 0.512500 0.404687 0.514583 0.404687 0.516667 0.401562 0.520833 0.401562 0.522917 0.400000 0.525000 0.400000 0.527083 0.398438 0.529167 0.398438 0.531250 0.396875 0.533333 0.396875 0.535417 0.395313 0.537500 0.395313 0.541667 0.393750 0.543750 0.393750 0.550000 0.392188 0.552083 0.392188 0.556250 0.390625 0.558333 0.390625 0.562500 0.389062 0.564583 0.389062 0.570833 0.387500 0.572917 0.387500 0.577083 0.385937 0.579167 0.385937 0.583333 0.384375 0.585417 0.384375 0.589583 0.382812 0.591667 0.382812 0.593750 0.381250 0.595833 0.381250 0.597917 0.379688 0.600000 0.379688 0.604167 0.378125 0.606250 0.378125 0.608333 0.376563 0.610417 0.376563 0.612500 0.375000 0.614583 0.375000 0.616667 0.373437 0.618750 0.373437 0.620833 0.370312 0.625000 0.370312 0.627083 0.368750 0.629167 0.368750 0.631250 0.367188 0.633333 0.367188 0.635417 0.365625 0.637500 0.365625 0.639583 0.364063 0.641667 0.364063 0.643750 0.362500 0.645833 0.362500 0.647917 0.360938 0.650000 0.360938 0.654167 0.359375 0.656250 0.359375 0.658333 0.357812 0.660417 0.357812 0.664583 0.356250 0.666667 0.356250 0.668750 0.354687 0.670833 0.354687 0.672917 0.353125 0.675000 0.353125 0.679167 0.351562 0.681250 0.351562 0.683333 0.350000 0.685417 0.350000 0.689583 0.348438 0.691667 0.348438 0.695833 0.346875 0.697917 0.346875 0.700000 0.345313 0.702083 0.345313 0.706250 0.343750 0.708333 0.343750 0.710417 0.342187 0.712500 0.342187 0.716667 0.339062 0.720833 0.339062 0.725000 0.337500 0.727083 0.337500 0.729167 0.335938 0.731250 0.335938 0.733333 0.334375 0.735417 0.334375 0.737500 0.332813 0.739583 0.332813 0.741667 0.331250 0.743750 0.331250 0.745833 0.329688 0.747917 0.329688 0.750000 0.328125 0.752083 0.328125 0.754167 0.326562 0.756250 0.326562 0.758333 0.325000 0.760417 0.325000 0.762500 0.323437 0.764583 0.323437 0.766667 0.321875 0.768750 0.321875 0.770833 0.320312 0.772917 0.320312 0.775000 0.318750 0.777083 0.318750 0.779167 0.317188 0.781250 0.317188 0.783333 0.315625 0.785417 0.315625 0.787500 0.312500 0.791667 0.312500 0.793750 0.310937 0.795833 0.310937 0.797917 0.307812 0.802083 0.307812 0.804167 0.300000 0.814583 0.300000 0.816667 0.298438 0.818750 0.296875 0.818750 0.285938 0.833333 0.285938 0.835417 0.284375 0.837500 0.282813 0.837500 0.271875 0.852083 0.271875 0.854167 0.257812 0.872917 0.257812 0.875000 0.254688 0.879167 0.254688 0.881250 0.250000 0.887500 0.250000 0.889583 0.246875 0.893750 0.246875 0.895833 0.243750 0.900000 0.243750 0.902083 0.240625 0.906250 0.240625 0.908333 0.239063 0.910417 0.239063 0.912500 0.235937 0.916667 0.235937 0.918750 0.232813 0.922917 0.232813 0.925000 0.229687 0.929167 0.229687 0.931250 0.223438 0.939583 0.221875 0.939583 0.218750 0.943750 0.217188 0.943750 0.214062 0.947917 0.212500 0.947917 0.210938 0.950000 0.207813 0.950000 0.206250 0.952083 0.200000 0.952083 0.198437 0.954167 0.193750 0.954167 0.192188 0.956250 0.182812 0.956250 0.181250 0.958333 0.176563 0.958333 0.175000 0.960417 0.164062 0.960417 0.162500 0.962500 0.148438 0.962500 0.146875 0.964583 0.137500 0.964583 0.135937 0.966667 0.126562 0.966667 0.125000 0.968750 0.118750 0.968750 0.117188 0.970833 0.110937 0.970833 0.109375 0.972917 0.106250 0.972917 0.104688 0.975000 0.101562 0.975000 0.100000 0.977083 0.093750 0.977083 0.092188 0.979167 0.090625 0.979167 0.089063 0.981250 0.085938 0.981250 0.084375 0.983333 0.078125 0.983333 0.076563 0.985417 0.075000 0.985417 0.070312 0.991667 0.068750 0.991667 0.067187 0.993750 0.065625 0.993750 0.065625 0.997917 0.331250 0.997917 0.335938 0.991667 0.335938 0.989583 0.340625 0.983333 0.340625 0.981250 0.342187 0.979167 0.342187 0.977083 0.346875 0.970833 0.346875 0.968750 0.348438 0.966667 0.348438 0.964583 0.351562 0.960417 0.351562 0.958333 0.357812 0.950000 0.357812 0.947917 0.360938 0.943750 0.360938 0.941667 0.362500 0.939583 0.362500 0.937500 0.364063 0.935417 0.364063 0.933333 0.367188 0.929167 0.367188 0.925000 0.368750 0.922917 0.368750 0.920833 0.370312 0.918750 0.370312 0.916667 0.371875 0.914583 0.371875 0.912500 0.373437 0.910417 0.373437 0.906250 0.375000 0.904167 0.375000 0.900000 0.376563 0.897917 0.376563 0.895833 0.378125 0.893750 0.378125 0.889583 0.379688 0.887500 0.379688 0.885417 0.381250 0.883333 0.381250 0.879167 0.382812 0.877083 0.382812 0.875000 0.384375 0.872917 0.384375 0.870833 0.385937 0.868750 0.385937 0.866667 0.387500 0.864583 0.387500 0.862500 0.389062 0.860417 0.389062 0.858333 0.390625 0.856250 0.390625 0.852083 0.392188 0.850000 0.392188 0.847917 0.393750 0.845833 0.393750 0.843750 0.395313 0.841667 0.395313 0.837500 0.398438 0.833333 0.398438 0.829167 0.400000 0.827083 0.400000 0.825000 0.401562 0.822917 0.401562 0.820833 0.403125 0.818750 0.403125 0.816667 0.406250 0.812500 0.406250 0.808333 0.407813 0.806250 0.407813 0.804167 0.409375 0.802083 0.409375 0.800000 0.410938 0.797917 0.410938 0.795833 0.412500 0.793750 0.412500 0.791667 0.414062 0.789583 0.414062 0.787500 0.415625 0.785417 0.415625 0.781250 0.418750 0.777083 0.418750 0.775000 0.420312 0.772917 0.420312 0.770833 0.421875 0.768750 0.421875 0.766667 0.423438 0.764583 0.423438 0.762500 0.425000 0.760417 0.425000 0.758333 0.426563 0.756250 0.426563 0.754167 0.428125 0.752083 0.428125 0.750000 0.431250 0.745833 0.431250 0.743750 0.432812 0.741667 0.432812 0.739583 0.434375 0.737500 0.434375 0.735417 0.439063 0.729167 0.439063 0.727083 0.442188 0.722917 0.442188 0.720833 0.443750 0.718750 0.443750 0.716667 0.446875 0.712500 0.446875 0.710417 0.450000 0.706250 0.450000 0.704167 0.453125 0.700000 0.453125 0.697917 0.454688 0.695833 0.454688 0.693750 0.457813 0.689583 0.457813 0.687500 0.467187 0.675000 0.468750 0.675000 0.470313 0.672917 0.473438 0.672917 0.475000 0.670833 0.476562 0.670833 0.478125 0.668750 0.481250 0.668750 0.482812 0.666667 0.484375 0.666667 0.485938 0.664583 0.487500 0.664583 0.489063 0.662500 0.490625 0.662500 0.492188 0.660417 0.493750 0.660417 0.495312 0.658333 0.496875 0.658333 0.498437 0.656250 0.500000 0.656250 0.501563 0.654167 0.503125 0.654167 0.506250 0.650000 0.507812 0.650000 0.509375 0.647917 0.510938 0.647917 0.512500 0.645833 0.514062 0.645833 0.515625 0.643750 0.518750 0.643750 0.520312 0.641667 0.521875 0.641667 0.523438 0.639583 0.525000 0.639583 0.526563 0.637500 0.528125 0.637500 0.529687 0.635417 0.531250 0.635417 0.532813 0.633333 0.534375 0.633333 0.535937 0.631250 0.537500 0.631250 0.542188 0.625000 0.543750 0.625000 0.545312 0.622917 0.545312 0.618750 0.546875 0.616667 0.546875 0.608333 0.548438 0.606250 0.548438 0.602083 0.550000 0.600000 0.550000 0.597917 0.551562 0.595833 0.551562 0.593750 0.554688 0.589583 0.554688 0.585417 0.556250 0.583333 0.556250 0.575000 0.554688 0.572917 0.554688 0.558333 0.556250 0.556250 0.556250 0.554167 0.559375 0.550000 0.559375 0.545833 0.560937 0.543750 0.560937 0.533333 0.559375 0.531250 0.559375 0.529167 0.556250 0.525000 0.556250 0.522917 0.548438 0.512500 0.548438 0.508333 0.546875 0.506250 0.546875 0.497917 0.548438 0.495833 0.548438 0.491667 0.550000 0.489583 0.550000 0.487500 0.553125 0.483333 0.553125 0.481250 0.557813 0.475000 0.557813 0.472917 0.565625 0.462500 0.565625 0.460417 0.568750 0.456250 0.568750 0.454167 0.570312 0.452083 0.571875 0.452083 0.578125 0.443750 0.578125 0.441667 0.582812 0.435417 0.582812 0.429167 0.584375 0.427083 0.582812 0.425000 0.582812 0.420833 0.581250 0.418750 0.581250 0.416667 0.579688 0.414583 0.579688 0.412500 0.573438 0.404167 0.571875 0.404167 0.565625 0.395833 0.562500 0.395833 0.560937 0.393750 0.548438 0.393750 0.545312 0.397917 0.545312 0.408333 0.546875 0.410417 0.546875 0.427083 0.545312 0.429167 0.545312 0.431250 0.543750 0.433333 0.542188 0.433333 0.539062 0.437500 0.539062 0.439583 0.534375 0.445833 0.532813 0.445833 0.531250 0.447917 0.531250 0.450000 0.529687 0.452083 0.526563 0.452083 0.525000 0.454167 0.523438 0.454167 0.521875 0.456250 0.520312 0.456250 0.518750 0.458333 0.517188 0.458333 0.515625 0.460417 0.514062 0.460417 0.512500 0.462500 0.510938 0.462500 0.509375 0.464583 0.506250 0.464583 0.504687 0.466667 0.500000 0.466667 0.498437 0.468750 0.487500 0.468750 0.485938 0.466667 0.478125 0.466667 0.473438 0.460417 0.473438 0.445833 0.475000 0.443750 0.475000 0.441667 0.476562 0.439583 0.476562 0.437500 0.478125 0.435417 0.478125 0.433333 0.479687 0.431250 0.479687 0.429167 0.481250 0.427083 0.481250 0.425000 0.484375 0.420833 0.484375 0.418750 0.493750 0.406250 0.496875 0.406250 0.498437 0.404167 0.500000 0.404167 0.501563 0.402083 0.500000 0.400000 0.500000 0.397917 0.506250 0.389583 0.507812 0.389583 0.510938 0.385417 0.510938 0.383333 0.512500 0.381250 0.512500 0.379167 0.514062 0.377083 0.514062 0.375000 0.515625 0.372917 0.515625 0.360417 0.514062 0.358333 0.514062 0.356250 0.512500 0.356250 0.510938 0.354167 0.509375 0.354167
0 0.087500 0.268750 0.085938 0.270833 0.078125 0.270833 0.076563 0.272917 0.068750 0.272917 0.067187 0.275000 0.060937 0.275000 0.059375 0.277083 0.051562 0.277083 0.050000 0.279167 0.043750 0.279167 0.042188 0.281250 0.035937 0.281250 0.034375 0.283333 0.028125 0.283333 0.026562 0.285417 0.017188 0.285417 0.015625 0.287500 0.004687 0.287500 0.003125 0.289583 0.000000 0.289583 0.000000 0.429167 0.004687 0.429167 0.006250 0.427083 0.009375 0.427083 0.010937 0.425000 0.015625 0.425000 0.017188 0.422917 0.020313 0.422917 0.021875 0.420833 0.025000 0.420833 0.026562 0.418750 0.028125 0.418750 0.029687 0.416667 0.032813 0.416667 0.034375 0.414583 0.035937 0.414583 0.037500 0.412500 0.040625 0.412500 0.042188 0.410417 0.045312 0.410417 0.046875 0.408333 0.048438 0.408333 0.050000 0.406250 0.053125 0.406250 0.054688 0.404167 0.056250 0.404167 0.057813 0.402083 0.059375 0.402083 0.060937 0.400000 0.064062 0.400000 0.065625 0.397917 0.067187 0.397917 0.068750 0.395833 0.068750 0.393750 0.070312 0.391667 0.070312 0.379167 0.071875 0.377083 0.071875 0.368750 0.073438 0.366667 0.073438 0.362500 0.075000 0.360417 0.075000 0.354167 0.076563 0.352083 0.076563 0.350000 0.078125 0.347917 0.078125 0.343750 0.079687 0.341667 0.079687 0.339583 0.081250 0.337500 0.081250 0.333333 0.082812 0.331250 0.082812 0.329167 0.084375 0.327083 0.084375 0.322917 0.085938 0.320833 0.085938 0.316667 0.087500 0.314583 0.087500 0.310417 0.089063 0.308333 0.089063 0.304167 0.090625 0.302083 0.090625 0.297917 0.092188 0.295833 0.092188 0.291667 0.093750 0.289583 0.093750 0.287500 0.095312 0.285417 0.095312 0.281250 0.096875 0.279167 0.096875 0.268750
0 0.226562 0.231250 0.225000 0.233333 0.215625 0.233333 0.212500 0.237500 0.212500 0.241667 0.210938 0.243750 0.210938 0.247917 0.209375 0.250000 0.209375 0.254167 0.207813 0.256250 0.207813 0.264583 0.206250 0.266667 0.206250 0.283333 0.204687 0.285417 0.204687 0.300000 0.203125 0.302083 0.203125 0.306250 0.204687 0.308333 0.204687 0.314583 0.209375 0.314583 0.210938 0.312500 0.215625 0.312500 0.218750 0.308333 0.220312 0.308333 0.221875 0.306250 0.225000 0.306250 0.226562 0.304167 0.229687 0.304167 0.231250 0.302083 0.232813 0.302083 0.234375 0.300000 0.239063 0.300000 0.240625 0.297917 0.245312 0.297917 0.246875 0.295833 0.248438 0.295833 0.250000 0.293750 0.253125 0.293750 0.254688 0.291667 0.257812 0.291667 0.259375 0.289583 0.262500 0.289583 0.265625 0.285417 0.265625 0.279167 0.264062 0.277083 0.264062 0.270833 0.262500 0.268750 0.262500 0.264583 0.254688 0.254167 0.253125 0.254167 0.250000 0.250000 0.248438 0.250000 0.240625 0.239583 0.240625 0.237500 0.239063 0.235417 0.239063 0.233333 0.237500 0.233333 0.235937 0.231250
0 0.378125 0.079167 0.376563 0.081250 0.373437 0.081250 0.371875 0.083333 0.370312 0.083333 0.367188 0.087500 0.365625 0.087500 0.357812 0.097917 0.356250 0.097917 0.342187 0.116667 0.340625 0.116667 0.335938 0.122917 0.335938 0.125000 0.325000 0.139583 0.323437 0.139583 0.314063 0.152083 0.314063 0.154167 0.310937 0.158333 0.309375 0.158333 0.309375 0.160417 0.300000 0.172917 0.300000 0.175000 0.298438 0.177083 0.298438 0.179167 0.295312 0.183333 0.295312 0.185417 0.293750 0.187500 0.293750 0.189583 0.292187 0.191667 0.292187 0.195833 0.290625 0.197917 0.290625 0.210417 0.292187 0.212500 0.292187 0.237500 0.290625 0.239583 0.290625 0.252083 0.292187 0.254167 0.292187 0.260417 0.293750 0.262500 0.293750 0.264583 0.300000 0.272917 0.303125 0.272917 0.304688 0.270833 0.307812 0.270833 0.309375 0.268750 0.312500 0.268750 0.314063 0.266667 0.317188 0.266667 0.318750 0.264583 0.321875 0.264583 0.323437 0.262500 0.328125 0.262500 0.329688 0.260417 0.335938 0.260417 0.337500 0.258333 0.343750 0.258333 0.345313 0.256250 0.351562 0.256250 0.353125 0.254167 0.360938 0.254167 0.362500 0.252083 0.367188 0.252083 0.368750 0.250000 0.373437 0.250000 0.375000 0.247917 0.379688 0.247917 0.381250 0.245833 0.384375 0.245833 0.385937 0.243750 0.390625 0.243750 0.392188 0.241667 0.395313 0.241667 0.398438 0.237500 0.398438 0.235417 0.400000 0.233333 0.400000 0.229167 0.398438 0.227083 0.398438 0.218750 0.395313 0.218750 0.393750 0.216667 0.385937 0.216667 0.384375 0.214583 0.382812 0.214583 0.381250 0.212500 0.379688 0.212500 0.378125 0.210417 0.376563 0.210417 0.375000 0.208333 0.375000 0.204167 0.373437 0.202083 0.373437 0.193750 0.371875 0.191667 0.371875 0.185417 0.375000 0.181250 0.375000 0.179167 0.381250 0.170833 0.384375 0.170833 0.385937 0.168750 0.385937 0.160417 0.387500 0.158333 0.387500 0.154167 0.396875 0.141667 0.398438 0.141667 0.400000 0.139583 0.407813 0.139583 0.409375 0.137500 0.434375 0.137500 0.435937 0.135417 0.437500 0.135417 0.440625 0.131250 0.440625 0.125000 0.439063 0.122917 0.439063 0.120833 0.435937 0.116667 0.435937 0.114583 0.434375 0.112500 0.434375 0.110417 0.431250 0.106250 0.429688 0.106250 0.428125 0.104167 0.426563 0.104167 0.423438 0.100000 0.420312 0.100000 0.418750 0.097917 0.415625 0.097917 0.414062 0.095833 0.412500 0.095833 0.410938 0.093750 0.407813 0.093750 0.406250 0.091667 0.403125 0.091667 0.401562 0.089583 0.400000 0.089583 0.398438 0.087500 0.396875 0.087500 0.395313 0.085417 0.392188 0.085417 0.390625 0.083333 0.387500 0.083333 0.385937 0.081250 0.381250 0.081250 0.379688 0.079167
2 0.207813 0.916667 0.206250 0.918750 0.189062 0.918750 0.187500 0.920833 0.181250 0.920833 0.179688 0.922917 0.178125 0.922917 0.178125 0.927083 0.176563 0.929167 0.176563 0.952083 0.175000 0.954167 0.189062 0.954167 0.190625 0.952083 0.195312 0.952083 0.196875 0.950000 0.200000 0.950000 0.201563 0.947917 0.204687 0.947917 0.206250 0.945833 0.209375 0.945833 0.210938 0.943750 0.212500 0.943750 0.215625 0.939583 0.215625 0.935417 0.217188 0.933333 0.217188 0.929167 0.215625 0.927083 0.215625 0.918750 0.209375 0.918750
2 0.160938 0.072917 0.159375 0.075000 0.159375 0.077083 0.157812 0.079167 0.157812 0.081250 0.156250 0.083333 0.156250 0.085417 0.154688 0.087500 0.154688 0.089583 0.153125 0.091667 0.153125 0.095833 0.151562 0.097917 0.151562 0.100000 0.150000 0.102083 0.150000 0.106250 0.148438 0.108333 0.148438 0.112500 0.146875 0.114583 0.146875 0.118750 0.145313 0.120833 0.145313 0.127083 0.143750 0.129167 0.143750 0.133333 0.142187 0.135417 0.142187 0.137500 0.140625 0.139583 0.140625 0.143750 0.139063 0.145833 0.139063 0.150000 0.137500 0.152083 0.137500 0.156250 0.135937 0.158333 0.135937 0.162500 0.134375 0.164583 0.134375 0.168750 0.132812 0.170833 0.132812 0.172917 0.131250 0.175000 0.131250 0.177083 0.129688 0.179167 0.129688 0.183333 0.128125 0.185417 0.128125 0.191667 0.126562 0.193750 0.126562 0.197917 0.125000 0.200000 0.125000 0.202083 0.123438 0.204167 0.123438 0.206250 0.121875 0.208333 0.121875 0.212500 0.120313 0.214583 0.120313 0.220833 0.118750 0.222917 0.118750 0.225000 0.117188 0.227083 0.117188 0.231250 0.115625 0.233333 0.115625 0.235417 0.114062 0.237500 0.114062 0.241667 0.112500 0.243750 0.112500 0.247917 0.110937 0.250000 0.110937 0.252083 0.109375 0.254167 0.109375 0.256250 0.107813 0.258333 0.107813 0.260417 0.103125 0.266667 0.103125 0.268750 0.101562 0.270833 0.101562 0.272917 0.100000 0.275000 0.100000 0.281250 0.098437 0.283333 0.098437 0.285417 0.096875 0.287500 0.096875 0.289583 0.095312 0.291667 0.095312 0.297917 0.093750 0.300000 0.093750 0.302083 0.092188 0.304167 0.092188 0.308333 0.090625 0.310417 0.090625 0.314583 0.089063 0.316667 0.089063 0.318750 0.087500 0.320833 0.087500 0.325000 0.085938 0.327083 0.085938 0.329167 0.084375 0.331250 0.084375 0.333333 0.082812 0.335417 0.082812 0.339583 0.081250 0.341667 0.081250 0.345833 0.079687 0.347917 0.079687 0.352083 0.078125 0.354167 0.078125 0.358333 0.076563 0.360417 0.076563 0.364583 0.075000 0.366667 0.075000 0.375000 0.073438 0.377083 0.073438 0.383333 0.075000 0.385417 0.075000 0.395833 0.073438 0.397917 0.073438 0.400000 0.075000 0.402083 0.075000 0.429167 0.076563 0.431250 0.076563 0.447917 0.078125 0.450000 0.078125 0.466667 0.079687 0.468750 0.079687 0.479167 0.082812 0.483333 0.085938 0.483333 0.087500 0.485417 0.142187 0.485417 0.143750 0.487500 0.170313 0.487500 0.171875 0.485417 0.175000 0.485417 0.178125 0.481250 0.178125 0.472917 0.179688 0.470833 0.179688 0.468750 0.178125 0.466667 0.179688 0.464583 0.179688 0.420833 0.181250 0.418750 0.181250 0.402083 0.182812 0.400000 0.182812 0.395833 0.184375 0.393750 0.184375 0.377083 0.185938 0.375000 0.185938 0.362500 0.187500 0.360417 0.187500 0.352083 0.189062 0.350000 0.189062 0.343750 0.187500 0.341667 0.187500 0.337500 0.189062 0.335417 0.189062 0.333333 0.190625 0.331250 0.190625 0.325000 0.192188 0.322917 0.192188 0.320833 0.193750 0.318750 0.193750 0.314583 0.195312 0.312500 0.195312 0.310417 0.196875 0.308333 0.196875 0.304167 0.198437 0.302083 0.198437 0.295833 0.200000 0.293750 0.200000 0.275000 0.201563 0.272917 0.201563 0.258333 0.203125 0.256250 0.203125 0.247917 0.204687 0.245833 0.204687 0.237500 0.206250 0.235417 0.206250 0.233333 0.204687 0.231250 0.206250 0.229167 0.206250 0.225000 0.207813 0.222917 0.207813 0.220833 0.206250 0.218750 0.206250 0.200000 0.207813 0.197917 0.207813 0.187500 0.206250 0.185417 0.206250 0.183333 0.207813 0.181250 0.207813 0.172917 0.209375 0.170833 0.209375 0.162500 0.210938 0.160417 0.210938 0.147917 0.212500 0.145833 0.212500 0.133333 0.214062 0.131250 0.214062 0.120833 0.215625 0.118750 0.215625 0.102083 0.217188 0.100000 0.217188 0.083333 0.215625 0.081250 0.214062 0.081250 0.212500 0.079167 0.207813 0.079167 0.206250 0.077083 0.195312 0.077083 0.193750 0.075000 0.181250 0.075000 0.179688 0.072917
2 0.520312 0.372917 0.518750 0.375000 0.517188 0.375000 0.517188 0.379167 0.515625 0.381250 0.515625 0.383333 0.507812 0.393750 0.507812 0.395833 0.506250 0.397917 0.504687 0.397917 0.496875 0.408333 0.495312 0.408333 0.485938 0.420833 0.485938 0.422917 0.484375 0.425000 0.484375 0.427083 0.481250 0.431250 0.481250 0.433333 0.479687 0.435417 0.479687 0.437500 0.478125 0.439583 0.478125 0.441667 0.476562 0.443750 0.476562 0.447917 0.475000 0.450000 0.475000 0.456250 0.476562 0.458333 0.476562 0.460417 0.478125 0.462500 0.479687 0.462500 0.481250 0.464583 0.503125 0.464583 0.504687 0.462500 0.507812 0.462500 0.509375 0.460417 0.510938 0.460417 0.512500 0.458333 0.514062 0.458333 0.515625 0.456250 0.517188 0.456250 0.518750 0.454167 0.520312 0.454167 0.523438 0.450000 0.525000 0.450000 0.529687 0.443750 0.531250 0.443750 0.532813 0.441667 0.534375 0.441667 0.537500 0.437500 0.537500 0.435417 0.540625 0.431250 0.540625 0.429167 0.543750 0.425000 0.543750 0.418750 0.542188 0.416667 0.542188 0.414583 0.540625 0.412500 0.540625 0.406250 0.539062 0.404167 0.539062 0.400000 0.537500 0.397917 0.537500 0.391667 0.535937 0.391667 0.529687 0.383333 0.529687 0.381250 0.528125 0.379167 0.528125 0.377083 0.526563 0.377083 0.525000 0.375000 0.521875 0.375000
2 0.450000 0.133333 0.448437 0.135417 0.445312 0.135417 0.443750 0.137500 0.443750 0.139583 0.440625 0.143750 0.439063 0.143750 0.437500 0.145833 0.435937 0.145833 0.434375 0.147917 0.431250 0.147917 0.429688 0.150000 0.421875 0.150000 0.420312 0.152083 0.417187 0.152083 0.415625 0.154167 0.414062 0.152083 0.414062 0.150000 0.410938 0.150000 0.409375 0.147917 0.407813 0.147917 0.406250 0.150000 0.406250 0.154167 0.412500 0.154167 0.417187 0.160417 0.417187 0.162500 0.415625 0.164583 0.414062 0.164583 0.412500 0.162500 0.409375 0.162500 0.407813 0.164583 0.404687 0.160417 0.404687 0.158333 0.400000 0.158333 0.401562 0.160417 0.398438 0.164583 0.398438 0.166667 0.400000 0.168750 0.398438 0.170833 0.398438 0.183333 0.400000 0.185417 0.400000 0.197917 0.401562 0.200000 0.401562 0.212500 0.403125 0.214583 0.403125 0.231250 0.404687 0.233333 0.404687 0.245833 0.406250 0.247917 0.406250 0.260417 0.407813 0.262500 0.407813 0.275000 0.409375 0.277083 0.409375 0.287500 0.410938 0.289583 0.410938 0.306250 0.412500 0.308333 0.412500 0.320833 0.414062 0.322917 0.414062 0.333333 0.415625 0.335417 0.415625 0.350000 0.417187 0.352083 0.417187 0.364583 0.418750 0.366667 0.418750 0.379167 0.420312 0.381250 0.420312 0.395833 0.421875 0.397917 0.421875 0.406250 0.423438 0.408333 0.423438 0.422917 0.425000 0.425000 0.425000 0.435417 0.426563 0.437500 0.426563 0.447917 0.428125 0.447917 0.432812 0.441667 0.434375 0.441667 0.434375 0.439583 0.435937 0.437500 0.435937 0.435417 0.442188 0.427083 0.442188 0.425000 0.443750 0.422917 0.443750 0.420833 0.445312 0.418750 0.445312 0.416667 0.446875 0.414583 0.446875 0.412500 0.448437 0.410417 0.448437 0.408333 0.450000 0.406250 0.450000 0.404167 0.451562 0.402083 0.451562 0.400000 0.453125 0.397917 0.453125 0.395833 0.456250 0.391667 0.456250 0.389583 0.457813 0.387500 0.457813 0.385417 0.462500 0.379167 0.464062 0.379167 0.465625 0.377083 0.467187 0.377083 0.468750 0.375000 0.471875 0.375000 0.473438 0.372917 0.475000 0.372917 0.476562 0.370833 0.479687 0.370833 0.481250 0.368750 0.482812 0.368750 0.485938 0.364583 0.487500 0.364583 0.490625 0.360417 0.492188 0.360417 0.492188 0.358333 0.498437 0.350000 0.500000 0.350000 0.501563 0.347917 0.503125 0.347917 0.504687 0.345833 0.504687 0.341667 0.501563 0.337500 0.501563 0.335417 0.500000 0.333333 0.500000 0.331250 0.498437 0.329167 0.498437 0.325000 0.496875 0.322917 0.496875 0.318750 0.495312 0.316667 0.495312 0.314583 0.493750 0.312500 0.493750 0.308333 0.492188 0.306250 0.492188 0.302083 0.490625 0.300000 0.490625 0.291667 0.489063 0.289583 0.489063 0.285417 0.487500 0.283333 0.487500 0.277083 0.485938 0.275000 0.485938 0.270833 0.484375 0.268750 0.484375 0.262500 0.482812 0.260417 0.482812 0.256250 0.481250 0.254167 0.481250 0.250000 0.479687 0.247917 0.479687 0.245833 0.478125 0.243750 0.478125 0.241667 0.476562 0.239583 0.476562 0.235417 0.475000 0.233333 0.475000 0.229167 0.473438 0.227083 0.473438 0.222917 0.471875 0.220833 0.471875 0.216667 0.470313 0.214583 0.470313 0.210417 0.468750 0.208333 0.468750 0.200000 0.467187 0.197917 0.467187 0.191667 0.465625 0.189583 0.465625 0.185417 0.464062 0.183333 0.464062 0.179167 0.462500 0.177083 0.462500 0.172917 0.460938 0.170833 0.460938 0.166667 0.459375 0.164583 0.459375 0.160417 0.457813 0.158333 0.457813 0.154167 0.456250 0.152083 0.456250 0.150000 0.454688 0.147917 0.454688 0.143750 0.451562 0.139583 0.451562 0.137500 0.450000 0.135417
2 0.679688 0.027083 0.678125 0.029167 0.678125 0.031250 0.676562 0.033333 0.675000 0.033333 0.675000 0.035417 0.673438 0.037500 0.671875 0.037500 0.670312 0.039583 0.668750 0.039583 0.668750 0.041667 0.667188 0.043750 0.667188 0.045833 0.668750 0.047917 0.662500 0.056250 0.662500 0.060417 0.660937 0.062500 0.659375 0.062500 0.657813 0.064583 0.657813 0.075000 0.656250 0.077083 0.656250 0.089583 0.657813 0.091667 0.657813 0.095833 0.659375 0.097917 0.659375 0.100000 0.662500 0.104167 0.662500 0.106250 0.665625 0.110417 0.665625 0.112500 0.668750 0.116667 0.668750 0.118750 0.673438 0.125000 0.673438 0.127083 0.675000 0.129167 0.675000 0.131250 0.678125 0.135417 0.678125 0.137500 0.682813 0.143750 0.682813 0.145833 0.684375 0.147917 0.684375 0.150000 0.687500 0.154167 0.687500 0.156250 0.689063 0.158333 0.689063 0.160417 0.693750 0.166667 0.693750 0.168750 0.695312 0.170833 0.695312 0.172917 0.700000 0.179167 0.700000 0.181250 0.703125 0.185417 0.703125 0.187500 0.706250 0.191667 0.706250 0.193750 0.710938 0.200000 0.710938 0.202083 0.714063 0.206250 0.714063 0.208333 0.720313 0.216667 0.720313 0.218750 0.723437 0.222917 0.723437 0.225000 0.726562 0.229167 0.726562 0.231250 0.729688 0.235417 0.729688 0.237500 0.734375 0.243750 0.734375 0.245833 0.739062 0.252083 0.739062 0.254167 0.742188 0.258333 0.742188 0.260417 0.746875 0.266667 0.746875 0.268750 0.754687 0.279167 0.754687 0.281250 0.759375 0.287500 0.759375 0.289583 0.767188 0.289583 0.768750 0.287500 0.771875 0.287500 0.773438 0.289583 0.776563 0.289583 0.778125 0.287500 0.784375 0.287500 0.785937 0.285417 0.789062 0.285417 0.790625 0.283333 0.793750 0.283333 0.795312 0.281250 0.796875 0.281250 0.798438 0.279167 0.801562 0.279167 0.801562 0.277083 0.798438 0.272917 0.798438 0.270833 0.800000 0.268750 0.800000 0.260417 0.798438 0.258333 0.798438 0.256250 0.795312 0.252083 0.795312 0.250000 0.793750 0.247917 0.793750 0.243750 0.790625 0.239583 0.790625 0.235417 0.787500 0.231250 0.787500 0.229167 0.785937 0.227083 0.785937 0.225000 0.782813 0.220833 0.782813 0.218750 0.779687 0.214583 0.779687 0.212500 0.778125 0.210417 0.778125 0.208333 0.775000 0.204167 0.775000 0.202083 0.773438 0.200000 0.773438 0.197917 0.771875 0.195833 0.771875 0.193750 0.768750 0.189583 0.768750 0.187500 0.765625 0.183333 0.765625 0.181250 0.760938 0.175000 0.760938 0.172917 0.754687 0.164583 0.754687 0.162500 0.751563 0.158333 0.751563 0.154167 0.748437 0.150000 0.748437 0.147917 0.745313 0.143750 0.745313 0.141667 0.743750 0.139583 0.743750 0.135417 0.737500 0.127083 0.737500 0.125000 0.734375 0.120833 0.734375 0.118750 0.731250 0.114583 0.731250 0.110417 0.723437 0.100000 0.723437 0.097917 0.720313 0.093750 0.720313 0.089583 0.712500 0.079167 0.712500 0.075000 0.707812 0.068750 0.707812 0.066667 0.704688 0.062500 0.704688 0.060417 0.703125 0.058333 0.703125 0.056250 0.696875 0.047917 0.698438 0.045833 0.698438 0.043750 0.692187 0.035417 0.692187 0.033333 0.690625 0.033333 0.687500 0.029167 0.685937 0.029167 0.684375 0.027083
3 0.573438 0.452083 0.570312 0.456250 0.570312 0.458333 0.568750 0.460417 0.568750 0.462500 0.571875 0.466667 0.573438 0.466667 0.578125 0.472917 0.578125 0.475000 0.579688 0.477083 0.581250 0.477083 0.582812 0.479167 0.587500 0.479167 0.590625 0.475000 0.590625 0.468750 0.582812 0.458333 0.582812 0.456250 0.581250 0.456250 0.578125 0.452083
3 0.520312 0.366667 0.520312 0.368750 0.518750 0.370833 0.518750 0.372917 0.517188 0.375000 0.517188 0.379167 0.515625 0.381250 0.515625 0.397917 0.517188 0.400000 0.517188 0.402083 0.518750 0.404167 0.521875 0.404167 0.526563 0.410417 0.528125 0.410417 0.531250 0.414583 0.531250 0.418750 0.532813 0.420833 0.535937 0.420833 0.537500 0.422917 0.537500 0.425000 0.539062 0.427083 0.539062 0.429167 0.540625 0.431250 0.542188 0.429167 0.543750 0.429167 0.545312 0.427083 0.545312 0.425000 0.546875 0.422917 0.545312 0.420833 0.545312 0.414583 0.543750 0.412500 0.543750 0.406250 0.542188 0.404167 0.542188 0.391667 0.529687 0.375000 0.528125 0.375000 0.525000 0.370833 0.523438 0.370833 0.521875 0.368750 0.521875 0.366667
4 0.404687 0.956250 0.403125 0.958333 0.400000 0.958333 0.398438 0.960417 0.396875 0.960417 0.393750 0.964583 0.392188 0.964583 0.390625 0.966667 0.389062 0.966667 0.387500 0.968750 0.384375 0.968750 0.382812 0.970833 0.379688 0.970833 0.376563 0.975000 0.376563 0.977083 0.375000 0.979167 0.375000 0.997917 0.401562 0.997917 0.401562 0.993750 0.400000 0.991667 0.400000 0.989583 0.398438 0.987500 0.398438 0.983333 0.400000 0.981250 0.400000 0.979167 0.406250 0.970833 0.409375 0.970833 0.410938 0.968750 0.417187 0.968750 0.418750 0.966667 0.453125 0.966667 0.454688 0.968750 0.456250 0.966667 0.457813 0.966667 0.459375 0.968750 0.471875 0.968750 0.473438 0.970833 0.475000 0.970833 0.476562 0.972917 0.478125 0.972917 0.479687 0.975000 0.481250 0.975000 0.482812 0.977083 0.481250 0.979167 0.478125 0.979167 0.476562 0.981250 0.475000 0.981250 0.473438 0.983333 0.468750 0.983333 0.467187 0.985417 0.460938 0.985417 0.459375 0.987500 0.451562 0.987500 0.450000 0.989583 0.446875 0.989583 0.445312 0.991667 0.439063 0.991667 0.437500 0.993750 0.434375 0.993750 0.432812 0.995833 0.429688 0.995833 0.428125 0.997917 0.426563 0.997917 0.478125 0.997917 0.479687 0.995833 0.485938 0.995833 0.487500 0.993750 0.493750 0.993750 0.495312 0.991667 0.498437 0.991667 0.500000 0.989583 0.504687 0.989583 0.506250 0.987500 0.512500 0.987500 0.514062 0.985417 0.515625 0.985417 0.517188 0.983333 0.525000 0.983333 0.526563 0.981250 0.531250 0.981250 0.532813 0.979167 0.553125 0.979167 0.554688 0.981250 0.557813 0.981250 0.567187 0.993750 0.576562 0.993750 0.582812 0.985417 0.582812 0.983333 0.584375 0.981250 0.584375 0.975000 0.578125 0.966667 0.575000 0.966667 0.573438 0.964583 0.570312 0.964583 0.568750 0.962500 0.567187 0.962500 0.565625 0.960417 0.564063 0.960417 0.562500 0.958333 0.560937 0.958333 0.559375 0.956250 0.537500 0.956250 0.535937 0.958333 0.468750 0.958333 0.467187 0.956250 0.443750 0.956250 0.442188 0.958333 0.439063 0.958333 0.437500 0.956250
1 0.390625 0.245833 0.389062 0.247917 0.385937 0.247917 0.384375 0.250000 0.381250 0.250000 0.379688 0.252083 0.375000 0.252083 0.373437 0.254167 0.368750 0.254167 0.367188 0.256250 0.360938 0.256250 0.359375 0.258333 0.351562 0.258333 0.350000 0.260417 0.343750 0.260417 0.342187 0.262500 0.335938 0.262500 0.334375 0.264583 0.328125 0.264583 0.326562 0.266667 0.321875 0.266667 0.320312 0.268750 0.317188 0.268750 0.315625 0.270833 0.314063 0.270833 0.312500 0.272917 0.307812 0.272917 0.306250 0.275000 0.304688 0.275000 0.303125 0.277083 0.301563 0.277083 0.300000 0.279167 0.298438 0.279167 0.293750 0.285417 0.290625 0.285417 0.289062 0.287500 0.285938 0.287500 0.284375 0.289583 0.281250 0.289583 0.279687 0.291667 0.265625 0.291667 0.264062 0.293750 0.262500 0.293750 0.260937 0.295833 0.256250 0.295833 0.254688 0.297917 0.250000 0.297917 0.248438 0.300000 0.246875 0.300000 0.245312 0.302083 0.240625 0.302083 0.239063 0.304167 0.235937 0.304167 0.234375 0.306250 0.232813 0.306250 0.231250 0.308333 0.228125 0.308333 0.226562 0.310417 0.223438 0.310417 0.221875 0.312500 0.218750 0.312500 0.217188 0.314583 0.214062 0.314583 0.212500 0.316667 0.209375 0.316667 0.207813 0.318750 0.206250 0.318750 0.204687 0.320833 0.201563 0.320833 0.200000 0.322917 0.200000 0.325000 0.198437 0.327083 0.198437 0.329167 0.196875 0.331250 0.196875 0.333333 0.195312 0.335417 0.195312 0.347917 0.193750 0.350000 0.193750 0.356250 0.192188 0.358333 0.192188 0.362500 0.190625 0.364583 0.190625 0.381250 0.189062 0.383333 0.189062 0.389583 0.187500 0.391667 0.187500 0.397917 0.185938 0.400000 0.185938 0.404167 0.187500 0.406250 0.187500 0.412500 0.185938 0.414583 0.185938 0.420833 0.184375 0.422917 0.184375 0.441667 0.182812 0.443750 0.182812 0.452083 0.181250 0.454167 0.181250 0.479167 0.179688 0.481250 0.179688 0.483333 0.176563 0.487500 0.175000 0.487500 0.171875 0.491667 0.171875 0.497917 0.170313 0.500000 0.170313 0.508333 0.171875 0.510417 0.171875 0.589583 0.170313 0.591667 0.170313 0.593750 0.168750 0.595833 0.168750 0.597917 0.167187 0.600000 0.167187 0.604167 0.165625 0.606250 0.165625 0.616667 0.164062 0.618750 0.165625 0.620833 0.165625 0.622917 0.164062 0.625000 0.165625 0.627083 0.167187 0.627083 0.170313 0.631250 0.170313 0.633333 0.171875 0.635417 0.171875 0.637500 0.173437 0.639583 0.173437 0.675000 0.175000 0.677083 0.175000 0.747917 0.176563 0.750000 0.176563 0.820833 0.178125 0.822917 0.178125 0.897917 0.179688 0.900000 0.179688 0.914583 0.182812 0.918750 0.196875 0.918750 0.198437 0.916667 0.214062 0.916667 0.217188 0.920833 0.217188 0.931250 0.218750 0.933333 0.218750 0.935417 0.220312 0.935417 0.221875 0.933333 0.223438 0.933333 0.229687 0.925000 0.229687 0.922917 0.232813 0.918750 0.232813 0.916667 0.234375 0.914583 0.234375 0.912500 0.237500 0.908333 0.237500 0.906250 0.240625 0.902083 0.240625 0.900000 0.243750 0.895833 0.243750 0.893750 0.248438 0.887500 0.248438 0.885417 0.253125 0.879167 0.253125 0.877083 0.254688 0.875000 0.254688 0.872917 0.271875 0.850000 0.271875 0.847917 0.282813 0.833333 0.284375 0.833333 0.285938 0.831250 0.285938 0.829167 0.304688 0.804167 0.304688 0.802083 0.307812 0.797917 0.307812 0.795833 0.310937 0.791667 0.310937 0.789583 0.312500 0.787500 0.312500 0.785417 0.314063 0.783333 0.314063 0.781250 0.315625 0.779167 0.315625 0.777083 0.317188 0.775000 0.317188 0.772917 0.318750 0.770833 0.318750 0.768750 0.320312 0.766667 0.320312 0.764583 0.321875 0.762500 0.321875 0.760417 0.323437 0.758333 0.323437 0.756250 0.325000 0.754167 0.325000 0.752083 0.328125 0.747917 0.328125 0.743750 0.331250 0.739583 0.331250 0.737500 0.332813 0.735417 0.332813 0.731250 0.334375 0.729167 0.334375 0.727083 0.335938 0.725000 0.335938 0.722917 0.337500 0.720833 0.337500 0.718750 0.339062 0.716667 0.339062 0.714583 0.340625 0.712500 0.340625 0.708333 0.342187 0.706250 0.342187 0.704167 0.343750 0.702083 0.343750 0.697917 0.345313 0.695833 0.345313 0.693750 0.346875 0.691667 0.346875 0.687500 0.348438 0.685417 0.348438 0.681250 0.350000 0.679167 0.350000 0.677083 0.351562 0.675000 0.351562 0.670833 0.353125 0.668750 0.353125 0.666667 0.354687 0.664583 0.354687 0.662500 0.356250 0.660417 0.356250 0.656250 0.357812 0.654167 0.357812 0.652083 0.359375 0.650000 0.359375 0.645833 0.360938 0.643750 0.360938 0.641667 0.362500 0.639583 0.362500 0.637500 0.364063 0.635417 0.364063 0.633333 0.367188 0.629167 0.367188 0.627083 0.368750 0.625000 0.368750 0.622917 0.370312 0.620833 0.370312 0.618750 0.371875 0.616667 0.371875 0.614583 0.375000 0.610417 0.375000 0.606250 0.376563 0.604167 0.376563 0.602083 0.378125 0.600000 0.378125 0.597917 0.379688 0.595833 0.379688 0.591667 0.381250 0.589583 0.381250 0.587500 0.382812 0.585417 0.382812 0.581250 0.384375 0.579167 0.384375 0.575000 0.385937 0.572917 0.385937 0.568750 0.387500 0.566667 0.387500 0.560417 0.389062 0.558333 0.389062 0.554167 0.390625 0.552083 0.390625 0.543750 0.392188 0.541667 0.392188 0.539583 0.393750 0.537500 0.393750 0.533333 0.395313 0.531250 0.395313 0.529167 0.398438 0.525000 0.398438 0.520833 0.400000 0.518750 0.400000 0.516667 0.403125 0.512500 0.403125 0.510417 0.406250 0.506250 0.406250 0.504167 0.407813 0.502083 0.407813 0.500000 0.409375 0.497917 0.409375 0.495833 0.412500 0.491667 0.412500 0.489583 0.414062 0.487500 0.414062 0.485417 0.415625 0.483333 0.415625 0.481250 0.417187 0.479167 0.417187 0.475000 0.418750 0.472917 0.418750 0.466667 0.420312 0.464583 0.420312 0.458333 0.421875 0.456250 0.421875 0.445833 0.423438 0.443750 0.423438 0.433333 0.421875 0.431250 0.421875 0.416667 0.420312 0.414583 0.420312 0.404167 0.418750 0.402083 0.418750 0.387500 0.417187 0.385417 0.417187 0.370833 0.415625 0.368750 0.415625 0.356250 0.414062 0.354167 0.414062 0.335417 0.412500 0.333333 0.412500 0.325000 0.410938 0.322917 0.410938 0.310417 0.409375 0.308333 0.409375 0.297917 0.407813 0.295833 0.407813 0.281250 0.406250 0.279167 0.406250 0.266667 0.404687 0.264583 0.404687 0.256250 0.403125 0.254167 0.403125 0.245833
1 0.384375 0.175000 0.375000 0.187500 0.375000 0.200000 0.376563 0.202083 0.376563 0.206250 0.382812 0.214583 0.395313 0.214583 0.396875 0.212500 0.398438 0.212500 0.398438 0.204167 0.396875 0.202083 0.396875 0.193750 0.395313 0.191667 0.395313 0.185417 0.387500 0.175000
1 0.446875 0.110417 0.446875 0.114583 0.448437 0.116667 0.448437 0.120833 0.453125 0.127083 0.453125 0.129167 0.454688 0.129167 0.454688 0.122917 0.456250 0.120833 0.456250 0.112500 0.454688 0.110417
1 0.165625 0.064583 0.164062 0.066667 0.164062 0.068750 0.165625 0.068750 0.167187 0.070833 0.175000 0.070833 0.176563 0.072917 0.187500 0.072917 0.189062 0.075000 0.203125 0.075000 0.204687 0.077083 0.210938 0.077083 0.212500 0.079167 0.215625 0.079167 0.217188 0.081250 0.217188 0.083333 0.218750 0.085417 0.218750 0.127083 0.217188 0.129167 0.217188 0.150000 0.215625 0.152083 0.215625 0.168750 0.214062 0.170833 0.214062 0.200000 0.212500 0.202083 0.212500 0.220833 0.214062 0.222917 0.214062 0.231250 0.217188 0.231250 0.220312 0.227083 0.223438 0.227083 0.225000 0.225000 0.232813 0.225000 0.235937 0.229167 0.235937 0.231250 0.235937 0.227083 0.237500 0.225000 0.237500 0.220833 0.239063 0.218750 0.239063 0.216667 0.240625 0.214583 0.240625 0.212500 0.243750 0.208333 0.243750 0.206250 0.251563 0.195833 0.253125 0.195833 0.254688 0.193750 0.260937 0.193750 0.262500 0.191667 0.279687 0.191667 0.281250 0.193750 0.287500 0.193750 0.290625 0.189583 0.290625 0.187500 0.289062 0.185417 0.289062 0.183333 0.296875 0.172917 0.298438 0.172917 0.298438 0.170833 0.300000 0.168750 0.300000 0.166667 0.317188 0.143750 0.317188 0.141667 0.318750 0.139583 0.320312 0.139583 0.320312 0.137500 0.321875 0.135417 0.323437 0.135417 0.343750 0.108333 0.345313 0.108333 0.348438 0.104167 0.348438 0.102083 0.353125 0.095833 0.353125 0.093750 0.350000 0.093750 0.348438 0.091667 0.337500 0.091667 0.335938 0.089583 0.326562 0.089583 0.325000 0.087500 0.314063 0.087500 0.312500 0.085417 0.300000 0.085417 0.298438 0.083333 0.289062 0.083333 0.287500 0.081250 0.276562 0.081250 0.275000 0.079167 0.264062 0.079167 0.262500 0.077083 0.245312 0.077083 0.243750 0.075000 0.232813 0.075000 0.231250 0.072917 0.217188 0.072917 0.215625 0.070833 0.198437 0.070833 0.196875 0.068750 0.185938 0.068750 0.184375 0.066667 0.175000 0.066667 0.173437 0.064583