0 0.092188 0.260417 0.090625 0.262500 0.076563 0.262500 0.075000 0.264583 0.065625 0.264583 0.064062 0.266667 0.056250 0.266667 0.054688 0.268750 0.046875 0.268750 0.045312 0.270833 0.035937 0.270833 0.034375 0.272917 0.023438 0.272917 0.021875 0.275000 0.010937 0.275000 0.009375 0.277083 0.000000 0.277083 0.000000 0.416667 0.003125 0.416667 0.004687 0.414583 0.009375 0.414583 0.010937 0.412500 0.014063 0.412500 0.015625 0.410417 0.018750 0.410417 0.020313 0.408333 0.023438 0.408333 0.025000 0.406250 0.028125 0.406250 0.029687 0.404167 0.031250 0.404167 0.032813 0.402083 0.035937 0.402083 0.037500 0.400000 0.040625 0.400000 0.042188 0.397917 0.045312 0.397917 0.046875 0.395833 0.050000 0.395833 0.051562 0.393750 0.054688 0.393750 0.056250 0.391667 0.059375 0.391667 0.060937 0.389583 0.062500 0.389583 0.064062 0.387500 0.065625 0.387500 0.068750 0.383333 0.068750 0.379167 0.070312 0.377083 0.070312 0.372917 0.071875 0.370833 0.071875 0.366667 0.073438 0.364583 0.073438 0.360417 0.075000 0.358333 0.075000 0.354167 0.076563 0.352083 0.076563 0.350000 0.078125 0.347917 0.078125 0.343750 0.079687 0.341667 0.079687 0.337500 0.081250 0.335417 0.081250 0.333333 0.082812 0.331250 0.082812 0.327083 0.084375 0.325000 0.084375 0.322917 0.085938 0.320833 0.085938 0.316667 0.087500 0.314583 0.087500 0.310417 0.089063 0.308333 0.089063 0.304167 0.090625 0.302083 0.090625 0.300000 0.092188 0.297917 0.092188 0.291667 0.093750 0.289583 0.093750 0.287500 0.095312 0.285417 0.095312 0.281250 0.096875 0.279167 0.096875 0.272917 0.098437 0.270833 0.098437 0.262500 0.096875 0.262500 0.095312 0.260417
0 0.239063 0.229167 0.237500 0.231250 0.232813 0.231250 0.231250 0.233333 0.229687 0.233333 0.226562 0.237500 0.221875 0.237500 0.220312 0.239583 0.218750 0.239583 0.217188 0.237500 0.215625 0.237500 0.215625 0.239583 0.214062 0.241667 0.214062 0.243750 0.212500 0.245833 0.212500 0.247917 0.209375 0.252083 0.209375 0.258333 0.207813 0.260417 0.207813 0.270833 0.206250 0.272917 0.206250 0.291667 0.207813 0.293750 0.206250 0.295833 0.206250 0.297917 0.217188 0.297917 0.218750 0.300000 0.220312 0.300000 0.221875 0.297917 0.231250 0.297917 0.232813 0.295833 0.235937 0.295833 0.237500 0.293750 0.239063 0.293750 0.240625 0.291667 0.248438 0.291667 0.250000 0.289583 0.256250 0.289583 0.257812 0.287500 0.260937 0.287500 0.262500 0.285417 0.265625 0.285417 0.267188 0.283333 0.268750 0.283333 0.270313 0.281250 0.270313 0.270833 0.268750 0.268750 0.268750 0.264583 0.267188 0.262500 0.267188 0.260417 0.265625 0.258333 0.265625 0.256250 0.260937 0.250000 0.260937 0.247917 0.259375 0.247917 0.257812 0.245833 0.256250 0.245833 0.253125 0.241667 0.251563 0.241667 0.246875 0.235417 0.245312 0.235417 0.243750 0.233333 0.243750 0.231250 0.242188 0.231250 0.240625 0.229167
0 0.487500 0.193750 0.484375 0.197917 0.484375 0.200000 0.482812 0.202083 0.482812 0.204167 0.481250 0.206250 0.481250 0.208333 0.475000 0.216667 0.475000 0.225000 0.476562 0.227083 0.476562 0.233333 0.478125 0.235417 0.478125 0.237500 0.479687 0.239583 0.479687 0.247917 0.481250 0.250000 0.481250 0.260417 0.482812 0.262500 0.481250 0.264583 0.481250 0.268750 0.482812 0.270833 0.482812 0.285417 0.484375 0.287500 0.484375 0.295833 0.485938 0.297917 0.485938 0.304167 0.487500 0.306250 0.487500 0.312500 0.489063 0.314583 0.489063 0.318750 0.490625 0.320833 0.490625 0.322917 0.492188 0.325000 0.492188 0.327083 0.493750 0.329167 0.495312 0.327083 0.496875 0.327083 0.500000 0.322917 0.501563 0.322917 0.503125 0.320833 0.504687 0.320833 0.510938 0.312500 0.512500 0.312500 0.526563 0.293750 0.526563 0.291667 0.528125 0.289583 0.528125 0.283333 0.529687 0.281250 0.529687 0.277083 0.531250 0.275000 0.531250 0.270833 0.529687 0.268750 0.529687 0.264583 0.526563 0.260417 0.526563 0.258333 0.525000 0.256250 0.525000 0.254167 0.521875 0.250000 0.521875 0.247917 0.520312 0.245833 0.520312 0.243750 0.517188 0.239583 0.517188 0.237500 0.510938 0.229167 0.510938 0.227083 0.503125 0.216667 0.503125 0.214583 0.501563 0.212500 0.501563 0.210417 0.500000 0.208333 0.500000 0.206250 0.498437 0.204167 0.498437 0.202083 0.492188 0.193750
0 0.364063 0.077083 0.362500 0.079167 0.360938 0.079167 0.351562 0.091667 0.351562 0.095833 0.350000 0.097917 0.350000 0.100000 0.348438 0.102083 0.348438 0.108333 0.346875 0.110417 0.346875 0.112500 0.345313 0.114583 0.345313 0.116667 0.342187 0.120833 0.342187 0.122917 0.340625 0.125000 0.340625 0.127083 0.337500 0.131250 0.337500 0.133333 0.334375 0.137500 0.334375 0.139583 0.323437 0.154167 0.323437 0.156250 0.318750 0.162500 0.317188 0.162500 0.317188 0.164583 0.314063 0.168750 0.314063 0.170833 0.310937 0.175000 0.310937 0.177083 0.306250 0.183333 0.306250 0.187500 0.301563 0.193750 0.301563 0.195833 0.298438 0.200000 0.298438 0.202083 0.296875 0.204167 0.296875 0.210417 0.295312 0.212500 0.296875 0.214583 0.296875 0.216667 0.295312 0.218750 0.295312 0.231250 0.293750 0.233333 0.292187 0.233333 0.292187 0.250000 0.293750 0.252083 0.293750 0.258333 0.295312 0.260417 0.295312 0.266667 0.303125 0.277083 0.306250 0.277083 0.307812 0.275000 0.310937 0.275000 0.312500 0.272917 0.315625 0.272917 0.317188 0.270833 0.318750 0.270833 0.320312 0.268750 0.325000 0.268750 0.326562 0.266667 0.329688 0.266667 0.331250 0.264583 0.332813 0.264583 0.334375 0.262500 0.337500 0.262500 0.339062 0.260417 0.348438 0.260417 0.350000 0.258333 0.353125 0.258333 0.354687 0.256250 0.357812 0.256250 0.359375 0.254167 0.362500 0.254167 0.364063 0.252083 0.365625 0.252083 0.367188 0.250000 0.368750 0.250000 0.370312 0.247917 0.370312 0.245833 0.371875 0.243750 0.375000 0.243750 0.378125 0.247917 0.378125 0.250000 0.379688 0.252083 0.379688 0.254167 0.381250 0.256250 0.381250 0.262500 0.382812 0.264583 0.382812 0.281250 0.384375 0.283333 0.384375 0.308333 0.385937 0.310417 0.385937 0.327083 0.387500 0.329167 0.387500 0.356250 0.389062 0.358333 0.389062 0.393750 0.387500 0.395833 0.387500 0.400000 0.384375 0.404167 0.384375 0.406250 0.381250 0.410417 0.381250 0.412500 0.378125 0.416667 0.378125 0.418750 0.375000 0.422917 0.375000 0.425000 0.368750 0.433333 0.368750 0.435417 0.364063 0.441667 0.364063 0.443750 0.343750 0.470833 0.343750 0.472917 0.340625 0.477083 0.339062 0.477083 0.315625 0.508333 0.314063 0.508333 0.301563 0.525000 0.300000 0.525000 0.289062 0.539583 0.287500 0.539583 0.270313 0.562500 0.268750 0.562500 0.239063 0.602083 0.239063 0.604167 0.226562 0.620833 0.226562 0.622917 0.212500 0.641667 0.212500 0.643750 0.204687 0.654167 0.204687 0.656250 0.184375 0.683333 0.182812 0.683333 0.173437 0.695833 0.171875 0.695833 0.167187 0.702083 0.165625 0.702083 0.162500 0.706250 0.160938 0.706250 0.157812 0.710417 0.156250 0.710417 0.154688 0.712500 0.153125 0.712500 0.151562 0.714583 0.150000 0.714583 0.146875 0.718750 0.145313 0.718750 0.143750 0.720833 0.142187 0.720833 0.132812 0.733333 0.131250 0.733333 0.129688 0.735417 0.128125 0.735417 0.125000 0.739583 0.118750 0.739583 0.117188 0.741667 0.109375 0.741667 0.107813 0.743750 0.103125 0.743750 0.101562 0.745833 0.098437 0.745833 0.096875 0.747917 0.093750 0.747917 0.092188 0.750000 0.090625 0.750000 0.089063 0.752083 0.087500 0.752083 0.084375 0.756250 0.082812 0.756250 0.081250 0.758333 0.078125 0.758333 0.078125 0.760417 0.076563 0.762500 0.075000 0.762500 0.075000 0.764583 0.073438 0.766667 0.071875 0.766667 0.071875 0.768750 0.062500 0.781250 0.062500 0.783333 0.057813 0.789583 0.056250 0.789583 0.053125 0.793750 0.051562 0.793750 0.050000 0.795833 0.048438 0.795833 0.042188 0.804167 0.040625 0.804167 0.037500 0.808333 0.035937 0.808333 0.026562 0.820833 0.023438 0.820833 0.020313 0.825000 0.018750 0.822917 0.017188 0.822917 0.015625 0.820833 0.015625 0.816667 0.014063 0.814583 0.014063 0.808333 0.012500 0.806250 0.012500 0.800000 0.010937 0.797917 0.010937 0.791667 0.009375 0.789583 0.009375 0.775000 0.007812 0.772917 0.007812 0.768750 0.006250 0.766667 0.006250 0.760417 0.004687 0.758333 0.004687 0.752083 0.003125 0.750000 0.003125 0.743750 0.001563 0.741667 0.001563 0.739583 0.000000 0.737500 0.000000 0.997917 0.081250 0.997917 0.085938 0.991667 0.085938 0.989583 0.089063 0.985417 0.089063 0.983333 0.090625 0.981250 0.090625 0.979167 0.093750 0.975000 0.093750 0.972917 0.098437 0.966667 0.098437 0.964583 0.101562 0.960417 0.101562 0.958333 0.104688 0.954167 0.104688 0.952083 0.106250 0.950000 0.106250 0.947917 0.109375 0.943750 0.109375 0.941667 0.120313 0.927083 0.121875 0.927083 0.121875 0.925000 0.125000 0.920833 0.126562 0.920833 0.137500 0.906250 0.139063 0.906250 0.140625 0.904167 0.140625 0.902083 0.153125 0.885417 0.153125 0.883333 0.156250 0.879167 0.156250 0.877083 0.168750 0.860417 0.170313 0.860417 0.171875 0.858333 0.171875 0.856250 0.173437 0.854167 0.175000 0.854167 0.182812 0.843750 0.184375 0.843750 0.187500 0.839583 0.187500 0.837500 0.190625 0.833333 0.190625 0.831250 0.192188 0.829167 0.192188 0.827083 0.200000 0.816667 0.200000 0.814583 0.210938 0.800000 0.212500 0.800000 0.212500 0.797917 0.223438 0.783333 0.225000 0.783333 0.235937 0.768750 0.237500 0.768750 0.251563 0.750000 0.253125 0.750000 0.253125 0.747917 0.254688 0.745833 0.256250 0.745833 0.278125 0.716667 0.278125 0.714583 0.287500 0.702083 0.287500 0.700000 0.292187 0.693750 0.292187 0.691667 0.300000 0.681250 0.300000 0.679167 0.304688 0.672917 0.304688 0.670833 0.314063 0.658333 0.314063 0.656250 0.318750 0.650000 0.318750 0.647917 0.323437 0.641667 0.323437 0.639583 0.326562 0.635417 0.326562 0.633333 0.331250 0.627083 0.331250 0.625000 0.334375 0.620833 0.334375 0.618750 0.337500 0.614583 0.337500 0.612500 0.340625 0.608333 0.340625 0.606250 0.345313 0.600000 0.345313 0.597917 0.348438 0.593750 0.348438 0.591667 0.351562 0.587500 0.351562 0.585417 0.354687 0.581250 0.354687 0.579167 0.356250 0.577083 0.356250 0.575000 0.360938 0.568750 0.360938 0.566667 0.364063 0.562500 0.364063 0.560417 0.365625 0.558333 0.365625 0.556250 0.368750 0.552083 0.368750 0.550000 0.371875 0.545833 0.371875 0.543750 0.375000 0.539583 0.375000 0.537500 0.378125 0.533333 0.378125 0.531250 0.379688 0.529167 0.379688 0.527083 0.382812 0.522917 0.382812 0.520833 0.385937 0.516667 0.385937 0.514583 0.389062 0.510417 0.389062 0.508333 0.392188 0.504167 0.392188 0.502083 0.393750 0.500000 0.393750 0.497917 0.398438 0.491667 0.398438 0.489583 0.401562 0.485417 0.401562 0.483333 0.404687 0.479167 0.404687 0.477083 0.409375 0.470833 0.409375 0.468750 0.412500 0.464583 0.412500 0.462500 0.414062 0.460417 0.414062 0.458333 0.415625 0.456250 0.415625 0.454167 0.417187 0.452083 0.417187 0.416667 0.415625 0.414583 0.415625 0.395833 0.414062 0.393750 0.414062 0.368750 0.412500 0.366667 0.412500 0.354167 0.410938 0.352083 0.410938 0.339583 0.409375 0.337500 0.409375 0.322917 0.407813 0.320833 0.407813 0.308333 0.406250 0.306250 0.406250 0.295833 0.404687 0.293750 0.404687 0.281250 0.403125 0.279167 0.403125 0.264583 0.401562 0.262500 0.401562 0.247917 0.400000 0.245833 0.400000 0.233333 0.398438 0.231250 0.398438 0.229167 0.396875 0.227083 0.396875 0.220833 0.395313 0.218750 0.393750 0.218750 0.392188 0.216667 0.390625 0.216667 0.389062 0.214583 0.387500 0.214583 0.382812 0.208333 0.379688 0.208333 0.378125 0.206250 0.376563 0.206250 0.373437 0.202083 0.371875 0.202083 0.370312 0.200000 0.371875 0.197917 0.371875 0.185417 0.375000 0.181250 0.375000 0.179167 0.378125 0.175000 0.378125 0.172917 0.379688 0.170833 0.379688 0.168750 0.381250 0.166667 0.382812 0.166667 0.382812 0.164583 0.387500 0.158333 0.390625 0.158333 0.392188 0.156250 0.392188 0.154167 0.395313 0.150000 0.396875 0.150000 0.398438 0.147917 0.401562 0.147917 0.403125 0.145833 0.409375 0.145833 0.410938 0.143750 0.434375 0.143750 0.435937 0.141667 0.437500 0.141667 0.439063 0.139583 0.440625 0.139583 0.442188 0.137500 0.442188 0.131250 0.437500 0.125000 0.435937 0.125000 0.432812 0.120833 0.432812 0.114583 0.434375 0.112500 0.434375 0.110417 0.432812 0.108333 0.432812 0.106250 0.426563 0.097917 0.425000 0.097917 0.420312 0.091667 0.420312 0.089583 0.418750 0.089583 0.417187 0.087500 0.415625 0.087500 0.414062 0.085417 0.412500 0.085417 0.410938 0.083333 0.407813 0.083333 0.406250 0.081250 0.401562 0.081250 0.400000 0.079167 0.393750 0.079167 0.392188 0.077083
2 0.206250 0.916667 0.204687 0.918750 0.187500 0.918750 0.185938 0.920833 0.179688 0.920833 0.178125 0.922917 0.178125 0.929167 0.176563 0.931250 0.176563 0.952083 0.175000 0.954167 0.175000 0.972917 0.173437 0.975000 0.173437 0.997917 0.214062 0.997917 0.214062 0.993750 0.215625 0.991667 0.215625 0.972917 0.217188 0.970833 0.217188 0.927083 0.215625 0.925000 0.215625 0.918750 0.214062 0.918750 0.212500 0.916667
2 0.160938 0.072917 0.157812 0.077083 0.157812 0.079167 0.156250 0.081250 0.156250 0.083333 0.154688 0.085417 0.154688 0.087500 0.153125 0.089583 0.153125 0.093750 0.151562 0.095833 0.151562 0.100000 0.150000 0.102083 0.150000 0.104167 0.148438 0.106250 0.148438 0.114583 0.146875 0.116667 0.146875 0.127083 0.145313 0.129167 0.145313 0.131250 0.143750 0.133333 0.143750 0.137500 0.142187 0.139583 0.142187 0.141667 0.140625 0.143750 0.140625 0.145833 0.139063 0.147917 0.139063 0.150000 0.137500 0.152083 0.137500 0.158333 0.135937 0.160417 0.135937 0.164583 0.134375 0.166667 0.134375 0.170833 0.132812 0.172917 0.132812 0.175000 0.131250 0.177083 0.131250 0.179167 0.129688 0.181250 0.129688 0.185417 0.128125 0.187500 0.128125 0.191667 0.126562 0.193750 0.126562 0.197917 0.125000 0.200000 0.125000 0.202083 0.123438 0.204167 0.123438 0.206250 0.121875 0.208333 0.121875 0.210417 0.120313 0.212500 0.120313 0.220833 0.118750 0.222917 0.118750 0.225000 0.117188 0.227083 0.117188 0.229167 0.115625 0.231250 0.115625 0.235417 0.114062 0.237500 0.114062 0.239583 0.112500 0.241667 0.112500 0.243750 0.109375 0.247917 0.109375 0.250000 0.107813 0.252083 0.107813 0.254167 0.104688 0.258333 0.104688 0.262500 0.103125 0.264583 0.103125 0.266667 0.101562 0.268750 0.101562 0.272917 0.100000 0.275000 0.100000 0.281250 0.098437 0.283333 0.098437 0.285417 0.096875 0.287500 0.096875 0.291667 0.095312 0.293750 0.095312 0.297917 0.093750 0.300000 0.093750 0.302083 0.092188 0.304167 0.092188 0.308333 0.090625 0.310417 0.090625 0.314583 0.089063 0.316667 0.089063 0.318750 0.087500 0.320833 0.087500 0.325000 0.085938 0.327083 0.085938 0.329167 0.084375 0.331250 0.084375 0.335417 0.082812 0.337500 0.082812 0.339583 0.081250 0.341667 0.081250 0.345833 0.079687 0.347917 0.079687 0.350000 0.078125 0.352083 0.078125 0.356250 0.076563 0.358333 0.076563 0.364583 0.075000 0.366667 0.075000 0.372917 0.073438 0.375000 0.073438 0.404167 0.075000 0.406250 0.075000 0.427083 0.076563 0.429167 0.076563 0.450000 0.078125 0.452083 0.078125 0.466667 0.079687 0.468750 0.079687 0.479167 0.082812 0.483333 0.084375 0.483333 0.085938 0.485417 0.132812 0.485417 0.134375 0.487500 0.171875 0.487500 0.173437 0.485417 0.175000 0.485417 0.176563 0.483333 0.178125 0.483333 0.178125 0.479167 0.179688 0.477083 0.179688 0.443750 0.181250 0.441667 0.181250 0.433333 0.182812 0.431250 0.182812 0.425000 0.184375 0.422917 0.184375 0.416667 0.185938 0.414583 0.185938 0.408333 0.187500 0.406250 0.187500 0.395833 0.189062 0.393750 0.189062 0.379167 0.190625 0.377083 0.190625 0.370833 0.192188 0.368750 0.192188 0.358333 0.193750 0.356250 0.193750 0.347917 0.195312 0.345833 0.195312 0.333333 0.196875 0.331250 0.196875 0.314583 0.198437 0.312500 0.198437 0.304167 0.200000 0.302083 0.200000 0.289583 0.201563 0.287500 0.201563 0.270833 0.203125 0.268750 0.203125 0.241667 0.204687 0.239583 0.204687 0.195833 0.206250 0.193750 0.206250 0.189583 0.204687 0.187500 0.204687 0.183333 0.206250 0.181250 0.206250 0.170833 0.207813 0.168750 0.207813 0.162500 0.209375 0.160417 0.209375 0.152083 0.210938 0.150000 0.210938 0.139583 0.212500 0.137500 0.212500 0.127083 0.214062 0.125000 0.214062 0.114583 0.215625 0.112500 0.215625 0.097917 0.217188 0.095833 0.217188 0.083333 0.214062 0.079167 0.207813 0.079167 0.206250 0.077083 0.193750 0.077083 0.192188 0.075000 0.176563 0.075000 0.175000 0.072917
2 0.448437 0.133333 0.446875 0.135417 0.446875 0.137500 0.442188 0.143750 0.440625 0.143750 0.439063 0.145833 0.434375 0.145833 0.432812 0.147917 0.415625 0.147917 0.414062 0.150000 0.406250 0.150000 0.404687 0.152083 0.403125 0.152083 0.401562 0.154167 0.400000 0.154167 0.398438 0.156250 0.398438 0.185417 0.400000 0.187500 0.400000 0.206250 0.401562 0.208333 0.401562 0.220833 0.403125 0.222917 0.403125 0.239583 0.404687 0.241667 0.404687 0.258333 0.406250 0.260417 0.406250 0.275000 0.407813 0.277083 0.407813 0.291667 0.409375 0.293750 0.409375 0.310417 0.410938 0.312500 0.410938 0.329167 0.412500 0.331250 0.412500 0.341667 0.414062 0.343750 0.414062 0.354167 0.415625 0.356250 0.415625 0.379167 0.417187 0.381250 0.417187 0.397917 0.418750 0.400000 0.418750 0.416667 0.420312 0.418750 0.420312 0.439583 0.421875 0.441667 0.421875 0.458333 0.423438 0.460417 0.423438 0.464583 0.425000 0.466667 0.425000 0.468750 0.426563 0.470833 0.426563 0.472917 0.428125 0.475000 0.428125 0.479167 0.429688 0.481250 0.429688 0.483333 0.431250 0.485417 0.431250 0.489583 0.432812 0.491667 0.432812 0.495833 0.434375 0.497917 0.434375 0.502083 0.435937 0.504167 0.435937 0.508333 0.437500 0.510417 0.437500 0.514583 0.439063 0.516667 0.439063 0.520833 0.440625 0.522917 0.440625 0.525000 0.442188 0.527083 0.442188 0.531250 0.445312 0.535417 0.450000 0.535417 0.451562 0.533333 0.456250 0.533333 0.457813 0.531250 0.462500 0.531250 0.464062 0.529167 0.467187 0.529167 0.468750 0.527083 0.471875 0.527083 0.473438 0.525000 0.476562 0.525000 0.478125 0.522917 0.482812 0.522917 0.484375 0.520833 0.489063 0.520833 0.490625 0.518750 0.495312 0.518750 0.496875 0.516667 0.500000 0.516667 0.501563 0.514583 0.504687 0.514583 0.506250 0.512500 0.509375 0.512500 0.510938 0.510417 0.514062 0.510417 0.515625 0.508333 0.520312 0.508333 0.525000 0.502083 0.525000 0.495833 0.523438 0.493750 0.523438 0.485417 0.521875 0.483333 0.521875 0.479167 0.520312 0.477083 0.520312 0.470833 0.518750 0.468750 0.518750 0.464583 0.517188 0.462500 0.517188 0.456250 0.515625 0.454167 0.515625 0.450000 0.514062 0.447917 0.514062 0.441667 0.512500 0.439583 0.512500 0.435417 0.510938 0.433333 0.510938 0.429167 0.509375 0.427083 0.509375 0.420833 0.507812 0.418750 0.507812 0.412500 0.506250 0.410417 0.506250 0.402083 0.504687 0.400000 0.504687 0.395833 0.503125 0.393750 0.503125 0.389583 0.501563 0.387500 0.501563 0.381250 0.500000 0.379167 0.500000 0.368750 0.498437 0.366667 0.498437 0.360417 0.496875 0.358333 0.496875 0.354167 0.495312 0.352083 0.495312 0.347917 0.493750 0.345833 0.493750 0.343750 0.492188 0.341667 0.492188 0.333333 0.490625 0.331250 0.490625 0.329167 0.489063 0.327083 0.489063 0.322917 0.487500 0.320833 0.487500 0.316667 0.485938 0.314583 0.485938 0.310417 0.484375 0.308333 0.484375 0.302083 0.482812 0.300000 0.482812 0.293750 0.481250 0.291667 0.481250 0.283333 0.479687 0.281250 0.479687 0.275000 0.478125 0.272917 0.478125 0.268750 0.476562 0.266667 0.476562 0.258333 0.475000 0.256250 0.475000 0.250000 0.473438 0.247917 0.473438 0.241667 0.471875 0.239583 0.471875 0.229167 0.470313 0.227083 0.470313 0.220833 0.468750 0.218750 0.468750 0.216667 0.467187 0.214583 0.467187 0.210417 0.465625 0.208333 0.465625 0.200000 0.464062 0.197917 0.464062 0.193750 0.462500 0.191667 0.462500 0.187500 0.460938 0.185417 0.460938 0.177083 0.459375 0.175000 0.459375 0.168750 0.457813 0.166667 0.457813 0.160417 0.456250 0.158333 0.456250 0.152083 0.454688 0.150000 0.454688 0.145833 0.453125 0.143750 0.453125 0.141667 0.451562 0.139583 0.451562 0.137500 0.450000 0.135417 0.450000 0.133333
2 0.678125 0.027083 0.676562 0.029167 0.675000 0.029167 0.664062 0.043750 0.664062 0.047917 0.662500 0.050000 0.660937 0.050000 0.657813 0.054167 0.657813 0.060417 0.656250 0.062500 0.656250 0.089583 0.657813 0.091667 0.657813 0.097917 0.660937 0.102083 0.660937 0.104167 0.664062 0.108333 0.664062 0.110417 0.667188 0.114583 0.667188 0.116667 0.668750 0.118750 0.668750 0.120833 0.670312 0.122917 0.671875 0.122917 0.673438 0.125000 0.673438 0.127083 0.675000 0.129167 0.675000 0.131250 0.676562 0.133333 0.676562 0.135417 0.681250 0.141667 0.681250 0.143750 0.684375 0.147917 0.684375 0.150000 0.687500 0.154167 0.687500 0.156250 0.689063 0.158333 0.689063 0.160417 0.692187 0.164583 0.692187 0.166667 0.695312 0.170833 0.695312 0.172917 0.700000 0.179167 0.700000 0.181250 0.703125 0.185417 0.703125 0.187500 0.704688 0.189583 0.704688 0.191667 0.709375 0.197917 0.709375 0.200000 0.712500 0.204167 0.712500 0.206250 0.715625 0.210417 0.715625 0.212500 0.720313 0.218750 0.720313 0.220833 0.723437 0.225000 0.723437 0.227083 0.726562 0.231250 0.726562 0.233333 0.729688 0.237500 0.729688 0.239583 0.732812 0.243750 0.732812 0.245833 0.737500 0.252083 0.737500 0.254167 0.740625 0.258333 0.740625 0.260417 0.742188 0.262500 0.742188 0.264583 0.745313 0.268750 0.745313 0.270833 0.748437 0.275000 0.748437 0.277083 0.751563 0.281250 0.751563 0.283333 0.756250 0.289583 0.756250 0.291667 0.759375 0.295833 0.759375 0.297917 0.762500 0.302083 0.762500 0.304167 0.765625 0.308333 0.765625 0.310417 0.770312 0.316667 0.770312 0.318750 0.775000 0.325000 0.775000 0.329167 0.776563 0.329167 0.778125 0.331250 0.778125 0.333333 0.781250 0.333333 0.782813 0.331250 0.785937 0.335417 0.789062 0.335417 0.790625 0.337500 0.792188 0.335417 0.793750 0.335417 0.793750 0.333333 0.796875 0.329167 0.796875 0.325000 0.798438 0.322917 0.803125 0.322917 0.804688 0.320833 0.806250 0.320833 0.804688 0.318750 0.804688 0.316667 0.806250 0.314583 0.809375 0.318750 0.815625 0.310417 0.817187 0.310417 0.817187 0.297917 0.815625 0.295833 0.815625 0.293750 0.814063 0.291667 0.814063 0.289583 0.812500 0.287500 0.812500 0.285417 0.810937 0.283333 0.810937 0.279167 0.809375 0.277083 0.809375 0.275000 0.806250 0.270833 0.806250 0.268750 0.803125 0.264583 0.803125 0.262500 0.801562 0.260417 0.801562 0.258333 0.798438 0.254167 0.798438 0.252083 0.795312 0.247917 0.795312 0.245833 0.793750 0.243750 0.793750 0.241667 0.792188 0.239583 0.792188 0.237500 0.789062 0.233333 0.789062 0.231250 0.787500 0.229167 0.787500 0.227083 0.784375 0.222917 0.784375 0.220833 0.781250 0.216667 0.781250 0.214583 0.778125 0.210417 0.778125 0.206250 0.775000 0.202083 0.775000 0.200000 0.773438 0.197917 0.773438 0.195833 0.770312 0.191667 0.770312 0.189583 0.767188 0.185417 0.767188 0.183333 0.762500 0.177083 0.762500 0.175000 0.756250 0.166667 0.756250 0.164583 0.754687 0.164583 0.753125 0.162500 0.753125 0.160417 0.750000 0.156250 0.750000 0.152083 0.748437 0.150000 0.748437 0.147917 0.746875 0.145833 0.746875 0.143750 0.745313 0.141667 0.745313 0.137500 0.740625 0.131250 0.740625 0.129167 0.737500 0.125000 0.737500 0.122917 0.734375 0.118750 0.734375 0.116667 0.731250 0.112500 0.731250 0.110417 0.723437 0.100000 0.723437 0.097917 0.720313 0.093750 0.720313 0.091667 0.717187 0.087500 0.717187 0.085417 0.712500 0.079167 0.712500 0.075000 0.709375 0.070833 0.709375 0.068750 0.707812 0.066667 0.707812 0.064583 0.704688 0.060417 0.704688 0.058333 0.701562 0.054167 0.701562 0.052083 0.698438 0.047917 0.698438 0.043750 0.693750 0.037500 0.693750 0.035417 0.687500 0.027083
3 0.496875 0.335417 0.495312 0.337500 0.495312 0.341667 0.496875 0.343750 0.496875 0.352083 0.498437 0.354167 0.498437 0.356250 0.500000 0.358333 0.500000 0.362500 0.501563 0.364583 0.501563 0.368750 0.503125 0.370833 0.503125 0.372917 0.504687 0.375000 0.504687 0.377083 0.506250 0.379167 0.506250 0.383333 0.509375 0.387500 0.510938 0.387500 0.512500 0.389583 0.514062 0.389583 0.517188 0.393750 0.517188 0.395833 0.518750 0.395833 0.525000 0.404167 0.526563 0.404167 0.535937 0.416667 0.535937 0.418750 0.539062 0.422917 0.539062 0.425000 0.554688 0.445833 0.556250 0.445833 0.565625 0.458333 0.567187 0.458333 0.582812 0.479167 0.585938 0.479167 0.587500 0.477083 0.589063 0.477083 0.589063 0.475000 0.590625 0.472917 0.590625 0.470833 0.589063 0.468750 0.589063 0.466667 0.570312 0.441667 0.568750 0.441667 0.551562 0.418750 0.551562 0.416667 0.548438 0.412500 0.548438 0.410417 0.546875 0.408333 0.546875 0.406250 0.543750 0.402083 0.543750 0.397917 0.540625 0.393750 0.540625 0.391667 0.539062 0.389583 0.539062 0.387500 0.535937 0.383333 0.535937 0.381250 0.521875 0.362500 0.521875 0.360417 0.504687 0.337500 0.503125 0.337500 0.501563 0.335417
4 0.404687 0.956250 0.403125 0.958333 0.400000 0.958333 0.398438 0.960417 0.396875 0.960417 0.393750 0.964583 0.392188 0.964583 0.390625 0.966667 0.389062 0.966667 0.387500 0.968750 0.382812 0.968750 0.381250 0.970833 0.379688 0.970833 0.376563 0.975000 0.376563 0.977083 0.375000 0.979167 0.375000 0.997917 0.401562 0.997917 0.401562 0.993750 0.400000 0.991667 0.400000 0.989583 0.398438 0.987500 0.398438 0.983333 0.400000 0.981250 0.400000 0.979167 0.407813 0.968750 0.418750 0.968750 0.420312 0.966667 0.460938 0.966667 0.462500 0.968750 0.473438 0.968750 0.475000 0.970833 0.476562 0.970833 0.479687 0.975000 0.481250 0.975000 0.482812 0.977083 0.481250 0.979167 0.478125 0.979167 0.475000 0.983333 0.468750 0.983333 0.467187 0.985417 0.460938 0.985417 0.459375 0.987500 0.451562 0.987500 0.450000 0.989583 0.446875 0.989583 0.445312 0.991667 0.439063 0.991667 0.437500 0.993750 0.432812 0.993750 0.431250 0.995833 0.429688 0.995833 0.428125 0.997917 0.426563 0.997917 0.476562 0.997917 0.478125 0.995833 0.484375 0.995833 0.485938 0.993750 0.490625 0.993750 0.492188 0.991667 0.498437 0.991667 0.500000 0.989583 0.503125 0.989583 0.504687 0.987500 0.509375 0.987500 0.510938 0.985417 0.514062 0.985417 0.515625 0.983333 0.523438 0.983333 0.525000 0.981250 0.529687 0.981250 0.531250 0.979167 0.542188 0.979167 0.543750 0.977083 0.548438 0.977083 0.550000 0.979167 0.554688 0.979167 0.556250 0.981250 0.557813 0.981250 0.559375 0.983333 0.560937 0.983333 0.562500 0.985417 0.562500 0.987500 0.564063 0.987500 0.565625 0.989583 0.565625 0.991667 0.567187 0.991667 0.568750 0.993750 0.575000 0.993750 0.576562 0.991667 0.578125 0.991667 0.584375 0.983333 0.584375 0.975000 0.578125 0.966667 0.575000 0.966667 0.573438 0.964583 0.570312 0.964583 0.568750 0.962500 0.567187 0.962500 0.565625 0.960417 0.564063 0.960417 0.562500 0.958333 0.560937 0.958333 0.559375 0.956250 0.542188 0.956250 0.540625 0.958333 0.481250 0.958333 0.479687 0.956250
1 0.415625 0.470833 0.412500 0.475000 0.410938 0.475000 0.407813 0.479167 0.407813 0.481250 0.404687 0.485417 0.404687 0.487500 0.400000 0.493750 0.400000 0.495833 0.396875 0.500000 0.396875 0.502083 0.393750 0.506250 0.393750 0.508333 0.390625 0.512500 0.390625 0.514583 0.387500 0.518750 0.387500 0.520833 0.384375 0.525000 0.384375 0.527083 0.382812 0.529167 0.382812 0.531250 0.379688 0.535417 0.379688 0.537500 0.376563 0.541667 0.376563 0.543750 0.375000 0.545833 0.375000 0.547917 0.371875 0.552083 0.371875 0.554167 0.367188 0.560417 0.367188 0.562500 0.365625 0.564583 0.365625 0.566667 0.360938 0.572917 0.360938 0.575000 0.359375 0.577083 0.359375 0.579167 0.357812 0.581250 0.357812 0.583333 0.353125 0.589583 0.353125 0.591667 0.350000 0.595833 0.350000 0.597917 0.345313 0.604167 0.345313 0.606250 0.343750 0.608333 0.343750 0.610417 0.339062 0.616667 0.339062 0.618750 0.335938 0.622917 0.335938 0.625000 0.334375 0.627083 0.334375 0.629167 0.328125 0.637500 0.328125 0.639583 0.325000 0.643750 0.325000 0.645833 0.320312 0.652083 0.320312 0.654167 0.315625 0.660417 0.315625 0.662500 0.306250 0.675000 0.306250 0.677083 0.300000 0.685417 0.300000 0.687500 0.296875 0.691667 0.296875 0.693750 0.295312 0.695833 0.293750 0.695833 0.293750 0.697917 0.289062 0.704167 0.289062 0.706250 0.282813 0.714583 0.282813 0.716667 0.250000 0.760417 0.248438 0.760417 0.232813 0.781250 0.231250 0.781250 0.225000 0.789583 0.225000 0.791667 0.218750 0.800000 0.218750 0.802083 0.195312 0.833333 0.195312 0.835417 0.190625 0.841667 0.190625 0.843750 0.184375 0.852083 0.182812 0.852083 0.182812 0.854167 0.179688 0.858333 0.179688 0.906250 0.181250 0.908333 0.181250 0.914583 0.182812 0.916667 0.215625 0.916667 0.217188 0.918750 0.217188 0.927083 0.218750 0.929167 0.218750 0.941667 0.221875 0.945833 0.229687 0.945833 0.231250 0.947917 0.232813 0.947917 0.234375 0.945833 0.267188 0.945833 0.268750 0.943750 0.303125 0.943750 0.304688 0.941667 0.339062 0.941667 0.340625 0.939583 0.359375 0.939583 0.360938 0.937500 0.367188 0.937500 0.367188 0.935417 0.368750 0.933333 0.368750 0.931250 0.370312 0.929167 0.370312 0.914583 0.371875 0.912500 0.371875 0.902083 0.373437 0.900000 0.373437 0.891667 0.375000 0.889583 0.375000 0.875000 0.376563 0.872917 0.376563 0.866667 0.378125 0.864583 0.378125 0.850000 0.379688 0.847917 0.379688 0.835417 0.381250 0.833333 0.381250 0.825000 0.382812 0.822917 0.382812 0.806250 0.384375 0.804167 0.384375 0.795833 0.385937 0.793750 0.385937 0.781250 0.387500 0.779167 0.387500 0.764583 0.389062 0.762500 0.389062 0.752083 0.390625 0.750000 0.390625 0.735417 0.392188 0.733333 0.392188 0.722917 0.393750 0.720833 0.393750 0.708333 0.395313 0.706250 0.395313 0.691667 0.396875 0.689583 0.396875 0.681250 0.398438 0.679167 0.398438 0.662500 0.400000 0.660417 0.400000 0.654167 0.401562 0.652083 0.401562 0.635417 0.403125 0.633333 0.403125 0.622917 0.404687 0.620833 0.404687 0.606250 0.406250 0.604167 0.406250 0.591667 0.407813 0.589583 0.407813 0.577083 0.409375 0.575000 0.409375 0.560417 0.410938 0.558333 0.410938 0.545833 0.412500 0.543750 0.412500 0.533333 0.414062 0.531250 0.414062 0.514583 0.415625 0.512500 0.415625 0.500000 0.417187 0.497917 0.417187 0.470833
1 0.368750 0.258333 0.367188 0.260417 0.360938 0.260417 0.359375 0.262500 0.357812 0.262500 0.356250 0.264583 0.351562 0.264583 0.350000 0.266667 0.345313 0.266667 0.343750 0.268750 0.340625 0.268750 0.339062 0.270833 0.335938 0.270833 0.334375 0.272917 0.329688 0.272917 0.328125 0.275000 0.326562 0.275000 0.325000 0.277083 0.323437 0.277083 0.321875 0.279167 0.317188 0.279167 0.315625 0.281250 0.309375 0.281250 0.307812 0.283333 0.306250 0.283333 0.303125 0.287500 0.300000 0.287500 0.298438 0.289583 0.295312 0.289583 0.293750 0.291667 0.290625 0.291667 0.289062 0.293750 0.284375 0.293750 0.282813 0.295833 0.275000 0.295833 0.273438 0.293750 0.265625 0.293750 0.264062 0.295833 0.256250 0.295833 0.254688 0.297917 0.246875 0.297917 0.245312 0.300000 0.240625 0.300000 0.239063 0.302083 0.234375 0.302083 0.232813 0.304167 0.229687 0.304167 0.228125 0.306250 0.223438 0.306250 0.221875 0.308333 0.214062 0.308333 0.212500 0.310417 0.210938 0.310417 0.209375 0.312500 0.206250 0.312500 0.203125 0.316667 0.203125 0.318750 0.201563 0.320833 0.201563 0.327083 0.200000 0.329167 0.200000 0.335417 0.198437 0.337500 0.198437 0.350000 0.196875 0.352083 0.196875 0.358333 0.195312 0.360417 0.195312 0.370833 0.193750 0.372917 0.193750 0.387500 0.192188 0.389583 0.192188 0.397917 0.190625 0.400000 0.190625 0.410417 0.189062 0.412500 0.189062 0.420833 0.187500 0.422917 0.187500 0.429167 0.185938 0.431250 0.185938 0.445833 0.184375 0.447917 0.184375 0.452083 0.182812 0.454167 0.182812 0.475000 0.181250 0.477083 0.181250 0.481250 0.171875 0.493750 0.171875 0.572917 0.173437 0.575000 0.171875 0.577083 0.171875 0.591667 0.170313 0.593750 0.170313 0.597917 0.168750 0.600000 0.168750 0.604167 0.167187 0.606250 0.167187 0.608333 0.165625 0.610417 0.165625 0.620833 0.170313 0.627083 0.170313 0.629167 0.171875 0.631250 0.171875 0.633333 0.173437 0.635417 0.173437 0.654167 0.175000 0.656250 0.175000 0.679167 0.176563 0.681250 0.176563 0.683333 0.178125 0.681250 0.179688 0.681250 0.181250 0.679167 0.182812 0.679167 0.184375 0.677083 0.185938 0.677083 0.203125 0.654167 0.203125 0.652083 0.212500 0.639583 0.212500 0.637500 0.218750 0.629167 0.218750 0.627083 0.221875 0.622917 0.223438 0.622917 0.223438 0.620833 0.237500 0.602083 0.237500 0.600000 0.265625 0.562500 0.267188 0.562500 0.281250 0.543750 0.282813 0.543750 0.284375 0.541667 0.284375 0.539583 0.287500 0.535417 0.289062 0.535417 0.296875 0.525000 0.298438 0.525000 0.310937 0.508333 0.312500 0.508333 0.331250 0.483333 0.332813 0.483333 0.332813 0.481250 0.340625 0.470833 0.342187 0.470833 0.348438 0.462500 0.348438 0.460417 0.364063 0.439583 0.364063 0.437500 0.365625 0.435417 0.365625 0.433333 0.373437 0.422917 0.373437 0.420833 0.376563 0.416667 0.376563 0.414583 0.379688 0.410417 0.379688 0.408333 0.381250 0.406250 0.381250 0.404167 0.382812 0.402083 0.382812 0.400000 0.384375 0.397917 0.384375 0.395833 0.385937 0.393750 0.385937 0.383333 0.387500 0.381250 0.387500 0.377083 0.385937 0.375000 0.385937 0.358333 0.384375 0.356250 0.384375 0.331250 0.382812 0.329167 0.382812 0.310417 0.381250 0.308333 0.381250 0.291667 0.379688 0.289583 0.379688 0.279167 0.378125 0.277083 0.378125 0.272917 0.376563 0.270833 0.376563 0.266667 0.375000 0.264583 0.375000 0.260417 0.373437 0.258333
1 0.450000 0.108333 0.448437 0.110417 0.445312 0.110417 0.448437 0.114583 0.448437 0.116667 0.450000 0.118750 0.450000 0.122917 0.453125 0.127083 0.453125 0.129167 0.454688 0.131250 0.454688 0.133333 0.454688 0.125000 0.456250 0.122917 0.456250 0.110417 0.451562 0.110417
1 0.164062 0.066667 0.165625 0.068750 0.167187 0.068750 0.168750 0.070833 0.184375 0.070833 0.185938 0.072917 0.195312 0.072917 0.196875 0.075000 0.210938 0.075000 0.212500 0.077083 0.214062 0.077083 0.215625 0.079167 0.217188 0.079167 0.218750 0.081250 0.218750 0.106250 0.217188 0.108333 0.217188 0.127083 0.215625 0.129167 0.215625 0.139583 0.214062 0.141667 0.214062 0.162500 0.212500 0.164583 0.212500 0.166667 0.214062 0.168750 0.212500 0.170833 0.212500 0.175000 0.214062 0.177083 0.212500 0.179167 0.214062 0.181250 0.214062 0.185417 0.212500 0.187500 0.212500 0.189583 0.214062 0.191667 0.214062 0.193750 0.212500 0.195833 0.212500 0.227083 0.214062 0.229167 0.214062 0.231250 0.217188 0.231250 0.220312 0.227083 0.223438 0.227083 0.225000 0.225000 0.229687 0.225000 0.231250 0.222917 0.234375 0.227083 0.237500 0.227083 0.240625 0.222917 0.242188 0.222917 0.242188 0.220833 0.243750 0.218750 0.243750 0.214583 0.245312 0.212500 0.245312 0.210417 0.250000 0.204167 0.250000 0.202083 0.254688 0.195833 0.256250 0.195833 0.257812 0.193750 0.260937 0.193750 0.262500 0.191667 0.267188 0.191667 0.268750 0.189583 0.273438 0.189583 0.275000 0.187500 0.276562 0.189583 0.282813 0.189583 0.284375 0.191667 0.287500 0.191667 0.289062 0.193750 0.290625 0.193750 0.292187 0.195833 0.295312 0.195833 0.296875 0.193750 0.296875 0.191667 0.300000 0.187500 0.300000 0.183333 0.304688 0.177083 0.304688 0.175000 0.307812 0.170833 0.307812 0.168750 0.317188 0.156250 0.317188 0.154167 0.331250 0.135417 0.331250 0.133333 0.335938 0.127083 0.335938 0.125000 0.337500 0.122917 0.337500 0.120833 0.340625 0.116667 0.340625 0.114583 0.342187 0.112500 0.342187 0.110417 0.343750 0.108333 0.343750 0.106250 0.345313 0.104167 0.345313 0.100000 0.346875 0.097917 0.346875 0.093750 0.345313 0.093750 0.343750 0.091667 0.335938 0.091667 0.334375 0.089583 0.325000 0.089583 0.323437 0.087500 0.312500 0.087500 0.310937 0.085417 0.298438 0.085417 0.296875 0.083333 0.285938 0.083333 0.284375 0.081250 0.273438 0.081250 0.271875 0.079167 0.262500 0.079167 0.260937 0.077083 0.243750 0.077083 0.242188 0.075000 0.229687 0.075000 0.228125 0.072917 0.214062 0.072917 0.212500 0.070833 0.196875 0.070833 0.195312 0.068750 0.185938 0.068750 0.184375 0.066667