0 0.000000 0.491667 0.000000 0.997917 0.087500 0.997917 0.090625 0.993750 0.093750 0.993750 0.093750 0.991667 0.095312 0.989583 0.093750 0.987500 0.093750 0.985417 0.092188 0.983333 0.092188 0.981250 0.090625 0.979167 0.090625 0.972917 0.092188 0.970833 0.093750 0.970833 0.095312 0.968750 0.104688 0.968750 0.106250 0.970833 0.109375 0.970833 0.110937 0.972917 0.112500 0.972917 0.114062 0.975000 0.115625 0.975000 0.117188 0.977083 0.120313 0.977083 0.121875 0.979167 0.123438 0.979167 0.125000 0.981250 0.129688 0.981250 0.131250 0.983333 0.135937 0.983333 0.137500 0.985417 0.139063 0.985417 0.140625 0.987500 0.145313 0.987500 0.146875 0.989583 0.150000 0.989583 0.151562 0.991667 0.153125 0.991667 0.154688 0.993750 0.157812 0.993750 0.159375 0.995833 0.168750 0.995833 0.170313 0.997917 0.270313 0.997917 0.271875 0.995833 0.273438 0.995833 0.275000 0.993750 0.275000 0.987500 0.271875 0.983333 0.271875 0.981250 0.270313 0.979167 0.268750 0.979167 0.267188 0.977083 0.260937 0.977083 0.259375 0.975000 0.257812 0.975000 0.256250 0.972917 0.254688 0.972917 0.253125 0.970833 0.250000 0.970833 0.246875 0.966667 0.243750 0.966667 0.240625 0.962500 0.239063 0.962500 0.237500 0.960417 0.228125 0.960417 0.223438 0.954167 0.220312 0.954167 0.218750 0.952083 0.217188 0.952083 0.215625 0.950000 0.215625 0.947917 0.212500 0.947917 0.210938 0.945833 0.207813 0.945833 0.206250 0.943750 0.198437 0.943750 0.195312 0.939583 0.193750 0.939583 0.192188 0.937500 0.189062 0.937500 0.184375 0.931250 0.181250 0.931250 0.179688 0.929167 0.178125 0.929167 0.176563 0.927083 0.173437 0.927083 0.171875 0.925000 0.168750 0.925000 0.167187 0.922917 0.162500 0.922917 0.157812 0.916667 0.156250 0.916667 0.154688 0.914583 0.151562 0.914583 0.150000 0.912500 0.148438 0.912500 0.146875 0.910417 0.145313 0.910417 0.143750 0.908333 0.140625 0.908333 0.139063 0.906250 0.137500 0.906250 0.135937 0.904167 0.135937 0.897917 0.137500 0.895833 0.137500 0.887500 0.139063 0.885417 0.139063 0.883333 0.140625 0.881250 0.140625 0.877083 0.143750 0.872917 0.143750 0.870833 0.145313 0.868750 0.145313 0.866667 0.146875 0.864583 0.146875 0.862500 0.148438 0.860417 0.148438 0.856250 0.150000 0.854167 0.150000 0.852083 0.151562 0.850000 0.151562 0.847917 0.153125 0.845833 0.153125 0.843750 0.154688 0.841667 0.154688 0.839583 0.159375 0.833333 0.175000 0.833333 0.176563 0.835417 0.184375 0.835417 0.185938 0.837500 0.187500 0.837500 0.189062 0.839583 0.192188 0.839583 0.193750 0.841667 0.198437 0.841667 0.200000 0.843750 0.201563 0.843750 0.203125 0.845833 0.204687 0.845833 0.206250 0.847917 0.207813 0.847917 0.209375 0.850000 0.212500 0.850000 0.214062 0.852083 0.215625 0.852083 0.217188 0.854167 0.218750 0.854167 0.220312 0.856250 0.220312 0.858333 0.221875 0.860417 0.225000 0.860417 0.226562 0.862500 0.229687 0.862500 0.231250 0.864583 0.235937 0.864583 0.237500 0.866667 0.240625 0.866667 0.242188 0.868750 0.246875 0.868750 0.250000 0.872917 0.248438 0.875000 0.250000 0.875000 0.251563 0.877083 0.254688 0.877083 0.256250 0.879167 0.257812 0.879167 0.259375 0.881250 0.260937 0.881250 0.262500 0.883333 0.267188 0.883333 0.268750 0.885417 0.271875 0.885417 0.273438 0.887500 0.273438 0.889583 0.271875 0.891667 0.273438 0.891667 0.275000 0.893750 0.279687 0.893750 0.281250 0.895833 0.282813 0.895833 0.284375 0.897917 0.285938 0.897917 0.287500 0.900000 0.292187 0.900000 0.293750 0.902083 0.295312 0.902083 0.296875 0.904167 0.296875 0.906250 0.298438 0.906250 0.300000 0.908333 0.304688 0.908333 0.306250 0.910417 0.309375 0.910417 0.310937 0.908333 0.312500 0.908333 0.314063 0.906250 0.314063 0.904167 0.315625 0.902083 0.315625 0.900000 0.317188 0.897917 0.317188 0.893750 0.318750 0.891667 0.318750 0.889583 0.320312 0.887500 0.320312 0.883333 0.321875 0.881250 0.321875 0.879167 0.323437 0.877083 0.323437 0.875000 0.325000 0.872917 0.325000 0.866667 0.326562 0.864583 0.326562 0.860417 0.328125 0.858333 0.328125 0.854167 0.329688 0.852083 0.329688 0.847917 0.331250 0.845833 0.331250 0.843750 0.332813 0.841667 0.332813 0.839583 0.334375 0.837500 0.334375 0.833333 0.335938 0.831250 0.335938 0.827083 0.337500 0.825000 0.337500 0.820833 0.339062 0.818750 0.339062 0.814583 0.340625 0.812500 0.340625 0.806250 0.342187 0.804167 0.342187 0.797917 0.343750 0.795833 0.343750 0.785417 0.345313 0.783333 0.345313 0.772917 0.346875 0.770833 0.346875 0.766667 0.345313 0.764583 0.345313 0.754167 0.343750 0.752083 0.343750 0.747917 0.342187 0.745833 0.342187 0.741667 0.340625 0.741667 0.335938 0.735417 0.334375 0.735417 0.332813 0.733333 0.329688 0.733333 0.328125 0.731250 0.326562 0.731250 0.325000 0.729167 0.321875 0.729167 0.320312 0.727083 0.318750 0.727083 0.317188 0.725000 0.315625 0.725000 0.314063 0.722917 0.312500 0.722917 0.309375 0.718750 0.307812 0.718750 0.306250 0.716667 0.304688 0.716667 0.301563 0.712500 0.298438 0.712500 0.296875 0.710417 0.295312 0.710417 0.293750 0.708333 0.290625 0.708333 0.289062 0.706250 0.284375 0.706250 0.282813 0.704167 0.281250 0.704167 0.279687 0.702083 0.275000 0.702083 0.273438 0.700000 0.270313 0.700000 0.268750 0.697917 0.265625 0.697917 0.264062 0.695833 0.259375 0.695833 0.257812 0.693750 0.254688 0.693750 0.251563 0.689583 0.251563 0.687500 0.250000 0.685417 0.250000 0.683333 0.246875 0.679167 0.243750 0.679167 0.242188 0.677083 0.240625 0.677083 0.239063 0.675000 0.235937 0.675000 0.234375 0.672917 0.232813 0.672917 0.231250 0.670833 0.229687 0.670833 0.228125 0.668750 0.226562 0.668750 0.225000 0.666667 0.223438 0.666667 0.220312 0.662500 0.218750 0.662500 0.215625 0.658333 0.215625 0.652083 0.217188 0.650000 0.217188 0.643750 0.218750 0.641667 0.231250 0.641667 0.232813 0.639583 0.245312 0.639583 0.246875 0.637500 0.256250 0.637500 0.257812 0.635417 0.267188 0.635417 0.268750 0.637500 0.281250 0.637500 0.282813 0.635417 0.289062 0.635417 0.290625 0.633333 0.306250 0.633333 0.307812 0.631250 0.310937 0.631250 0.312500 0.629167 0.315625 0.629167 0.317188 0.627083 0.320312 0.627083 0.321875 0.625000 0.326562 0.625000 0.328125 0.622917 0.331250 0.622917 0.332813 0.620833 0.334375 0.620833 0.339062 0.614583 0.340625 0.614583 0.342187 0.612500 0.346875 0.612500 0.348438 0.610417 0.351562 0.610417 0.353125 0.608333 0.357812 0.608333 0.359375 0.610417 0.362500 0.610417 0.364063 0.612500 0.367188 0.612500 0.368750 0.614583 0.370312 0.614583 0.371875 0.616667 0.375000 0.616667 0.378125 0.620833 0.379688 0.620833 0.381250 0.622917 0.382812 0.622917 0.384375 0.625000 0.385937 0.625000 0.387500 0.627083 0.389062 0.627083 0.390625 0.629167 0.392188 0.629167 0.393750 0.631250 0.395313 0.631250 0.398438 0.635417 0.400000 0.635417 0.406250 0.643750 0.406250 0.645833 0.412500 0.654167 0.414062 0.654167 0.417187 0.658333 0.417187 0.662500 0.418750 0.664583 0.418750 0.666667 0.420312 0.668750 0.420312 0.670833 0.421875 0.672917 0.421875 0.675000 0.423438 0.677083 0.423438 0.679167 0.425000 0.681250 0.425000 0.683333 0.428125 0.687500 0.428125 0.689583 0.432812 0.695833 0.432812 0.697917 0.437500 0.704167 0.437500 0.706250 0.442188 0.712500 0.442188 0.714583 0.448437 0.722917 0.450000 0.722917 0.454688 0.729167 0.459375 0.729167 0.460938 0.731250 0.465625 0.731250 0.467187 0.733333 0.468750 0.733333 0.470313 0.735417 0.473438 0.735417 0.475000 0.737500 0.482812 0.737500 0.484375 0.735417 0.485938 0.735417 0.493750 0.725000 0.495312 0.725000 0.496875 0.722917 0.501563 0.722917 0.507812 0.714583 0.507812 0.710417 0.509375 0.708333 0.509375 0.704167 0.510938 0.702083 0.510938 0.697917 0.512500 0.695833 0.512500 0.693750 0.515625 0.689583 0.515625 0.687500 0.517188 0.685417 0.517188 0.681250 0.518750 0.679167 0.518750 0.675000 0.517188 0.672917 0.517188 0.666667 0.515625 0.664583 0.517188 0.662500 0.517188 0.660417 0.515625 0.658333 0.515625 0.652083 0.510938 0.645833 0.510938 0.643750 0.509375 0.643750 0.507812 0.641667 0.507812 0.637500 0.503125 0.631250 0.503125 0.629167 0.501563 0.629167 0.495312 0.620833 0.493750 0.620833 0.489063 0.614583 0.487500 0.614583 0.482812 0.608333 0.481250 0.608333 0.479687 0.606250 0.478125 0.606250 0.476562 0.604167 0.475000 0.604167 0.473438 0.602083 0.468750 0.602083 0.467187 0.600000 0.456250 0.600000 0.454688 0.597917 0.453125 0.597917 0.450000 0.593750 0.446875 0.593750 0.445312 0.591667 0.442188 0.591667 0.437500 0.585417 0.435937 0.585417 0.428125 0.575000 0.426563 0.575000 0.425000 0.572917 0.423438 0.572917 0.420312 0.568750 0.418750 0.568750 0.417187 0.566667 0.415625 0.566667 0.410938 0.560417 0.409375 0.560417 0.406250 0.556250 0.404687 0.556250 0.401562 0.552083 0.400000 0.552083 0.396875 0.547917 0.395313 0.547917 0.393750 0.545833 0.392188 0.545833 0.390625 0.543750 0.387500 0.543750 0.385937 0.541667 0.384375 0.541667 0.382812 0.539583 0.379688 0.539583 0.378125 0.537500 0.375000 0.537500 0.373437 0.535417 0.368750 0.535417 0.367188 0.533333 0.345313 0.533333 0.343750 0.531250 0.340625 0.531250 0.339062 0.529167 0.334375 0.529167 0.332813 0.527083 0.306250 0.527083 0.304688 0.529167 0.298438 0.529167 0.296875 0.531250 0.290625 0.531250 0.289062 0.533333 0.275000 0.533333 0.273438 0.535417 0.264062 0.535417 0.262500 0.537500 0.253125 0.537500 0.251563 0.539583 0.243750 0.539583 0.242188 0.537500 0.221875 0.537500 0.220312 0.535417 0.203125 0.535417 0.201563 0.533333 0.189062 0.533333 0.187500 0.531250 0.178125 0.531250 0.176563 0.533333 0.129688 0.533333 0.128125 0.535417 0.125000 0.535417 0.123438 0.537500 0.118750 0.537500 0.115625 0.541667 0.114062 0.541667 0.112500 0.543750 0.110937 0.543750 0.109375 0.545833 0.107813 0.545833 0.106250 0.547917 0.104688 0.547917 0.103125 0.550000 0.101562 0.550000 0.100000 0.552083 0.098437 0.552083 0.096875 0.554167 0.093750 0.554167 0.092188 0.556250 0.087500 0.556250 0.085938 0.558333 0.081250 0.558333 0.079687 0.560417 0.076563 0.560417 0.075000 0.562500 0.073438 0.562500 0.071875 0.564583 0.070312 0.564583 0.068750 0.566667 0.067187 0.566667 0.065625 0.568750 0.064062 0.568750 0.062500 0.570833 0.060937 0.570833 0.059375 0.572917 0.057813 0.572917 0.056250 0.575000 0.054688 0.575000 0.051562 0.579167 0.050000 0.579167 0.048438 0.581250 0.046875 0.581250 0.043750 0.585417 0.042188 0.585417 0.035937 0.593750 0.034375 0.593750 0.031250 0.597917 0.029687 0.597917 0.025000 0.604167 0.023438 0.604167 0.020313 0.608333 0.017188 0.608333 0.014063 0.604167 0.014063 0.602083 0.012500 0.600000 0.012500 0.597917 0.009375 0.593750 0.009375 0.591667 0.006250 0.587500 0.006250 0.585417 0.004687 0.583333 0.004687 0.579167 0.018750 0.560417 0.018750 0.558333 0.020313 0.556250 0.020313 0.554167 0.021875 0.552083 0.021875 0.547917 0.023438 0.545833 0.023438 0.541667 0.025000 0.539583 0.025000 0.535417 0.026562 0.533333 0.026562 0.527083 0.028125 0.525000 0.026562 0.522917 0.026562 0.518750 0.025000 0.516667 0.025000 0.514583 0.017188 0.504167 0.015625 0.504167 0.012500 0.500000 0.009375 0.500000 0.007812 0.497917 0.006250 0.497917 0.003125 0.493750 0.001563 0.493750
1 0.457813 0.785417 0.457813 0.787500 0.456250 0.789583 0.454688 0.789583 0.454688 0.795833 0.453125 0.797917 0.453125 0.802083 0.451562 0.804167 0.451562 0.806250 0.450000 0.808333 0.450000 0.816667 0.448437 0.818750 0.448437 0.820833 0.446875 0.822917 0.446875 0.825000 0.445312 0.827083 0.445312 0.831250 0.443750 0.833333 0.443750 0.841667 0.442188 0.843750 0.442188 0.850000 0.440625 0.852083 0.440625 0.856250 0.439063 0.858333 0.439063 0.864583 0.437500 0.866667 0.437500 0.872917 0.435937 0.875000 0.435937 0.877083 0.434375 0.879167 0.434375 0.883333 0.432812 0.885417 0.432812 0.893750 0.431250 0.895833 0.431250 0.900000 0.429688 0.902083 0.429688 0.908333 0.428125 0.910417 0.428125 0.914583 0.426563 0.916667 0.426563 0.920833 0.425000 0.922917 0.425000 0.929167 0.423438 0.931250 0.423438 0.935417 0.421875 0.937500 0.421875 0.943750 0.420312 0.945833 0.420312 0.952083 0.418750 0.954167 0.418750 0.960417 0.417187 0.962500 0.417187 0.968750 0.415625 0.970833 0.415625 0.975000 0.414062 0.977083 0.414062 0.981250 0.417187 0.985417 0.418750 0.985417 0.423438 0.991667 0.425000 0.991667 0.426563 0.993750 0.428125 0.993750 0.431250 0.997917 0.456250 0.997917 0.456250 0.995833 0.457813 0.993750 0.457813 0.904167 0.459375 0.902083 0.459375 0.893750 0.457813 0.891667 0.457813 0.887500 0.459375 0.885417 0.459375 0.881250 0.457813 0.879167 0.457813 0.843750 0.459375 0.841667 0.459375 0.829167 0.457813 0.827083 0.457813 0.814583 0.459375 0.812500 0.459375 0.791667 0.457813 0.789583
1 0.673438 0.293750 0.671875 0.295833 0.668750 0.295833 0.667188 0.297917 0.664062 0.297917 0.662500 0.300000 0.657813 0.300000 0.656250 0.302083 0.653125 0.302083 0.651563 0.304167 0.648438 0.304167 0.646875 0.306250 0.642188 0.306250 0.640625 0.308333 0.635938 0.308333 0.634375 0.310417 0.629687 0.310417 0.628125 0.312500 0.625000 0.312500 0.623437 0.314583 0.620313 0.314583 0.618750 0.316667 0.614062 0.316667 0.612500 0.318750 0.609375 0.318750 0.607812 0.320833 0.603125 0.320833 0.601562 0.322917 0.598437 0.322917 0.596875 0.325000 0.592187 0.325000 0.590625 0.327083 0.585938 0.327083 0.584375 0.329167 0.581250 0.329167 0.579688 0.331250 0.575000 0.331250 0.573438 0.333333 0.570312 0.333333 0.568750 0.335417 0.564063 0.335417 0.562500 0.337500 0.560937 0.337500 0.560937 0.347917 0.559375 0.350000 0.551562 0.350000 0.550000 0.352083 0.548438 0.352083 0.548438 0.354167 0.546875 0.356250 0.546875 0.358333 0.545312 0.360417 0.545312 0.366667 0.543750 0.368750 0.543750 0.375000 0.542188 0.377083 0.542188 0.383333 0.540625 0.385417 0.540625 0.389583 0.539062 0.391667 0.539062 0.397917 0.537500 0.400000 0.537500 0.404167 0.535937 0.406250 0.535937 0.410417 0.534375 0.412500 0.534375 0.418750 0.532813 0.420833 0.532813 0.425000 0.531250 0.427083 0.531250 0.431250 0.529687 0.433333 0.529687 0.439583 0.528125 0.441667 0.528125 0.447917 0.526563 0.450000 0.526563 0.454167 0.525000 0.456250 0.525000 0.462500 0.523438 0.464583 0.523438 0.468750 0.521875 0.470833 0.521875 0.477083 0.520312 0.479167 0.520312 0.483333 0.518750 0.485417 0.518750 0.491667 0.517188 0.493750 0.517188 0.497917 0.515625 0.500000 0.515625 0.504167 0.514062 0.506250 0.514062 0.512500 0.512500 0.514583 0.512500 0.518750 0.510938 0.520833 0.510938 0.527083 0.509375 0.529167 0.509375 0.535417 0.507812 0.537500 0.507812 0.541667 0.506250 0.543750 0.506250 0.550000 0.504687 0.552083 0.504687 0.556250 0.503125 0.558333 0.503125 0.564583 0.501563 0.566667 0.501563 0.570833 0.500000 0.572917 0.500000 0.577083 0.498437 0.579167 0.498437 0.587500 0.496875 0.589583 0.496875 0.591667 0.495312 0.593750 0.495312 0.602083 0.493750 0.604167 0.493750 0.612500 0.495312 0.612500 0.498437 0.616667 0.500000 0.616667 0.501563 0.618750 0.503125 0.618750 0.506250 0.622917 0.507812 0.622917 0.509375 0.625000 0.510938 0.625000 0.514062 0.629167 0.514062 0.631250 0.515625 0.631250 0.517188 0.633333 0.517188 0.635417 0.521875 0.641667 0.521875 0.656250 0.523438 0.658333 0.523438 0.668750 0.525000 0.670833 0.525000 0.687500 0.523438 0.689583 0.523438 0.691667 0.521875 0.693750 0.521875 0.695833 0.520312 0.697917 0.520312 0.702083 0.518750 0.704167 0.518750 0.706250 0.517188 0.708333 0.517188 0.710417 0.515625 0.712500 0.515625 0.716667 0.514062 0.718750 0.514062 0.725000 0.512500 0.727083 0.512500 0.729167 0.510938 0.731250 0.512500 0.733333 0.512500 0.737500 0.514062 0.739583 0.514062 0.747917 0.512500 0.750000 0.512500 0.758333 0.514062 0.760417 0.514062 0.793750 0.515625 0.795833 0.515625 0.920833 0.517188 0.922917 0.517188 0.997917 0.581250 0.997917 0.581250 0.991667 0.582812 0.989583 0.582812 0.977083 0.584375 0.975000 0.584375 0.968750 0.585938 0.966667 0.585938 0.954167 0.587500 0.952083 0.587500 0.945833 0.589063 0.943750 0.589063 0.935417 0.590625 0.933333 0.590625 0.927083 0.592187 0.925000 0.592187 0.916667 0.593750 0.914583 0.593750 0.904167 0.595313 0.902083 0.595313 0.893750 0.596875 0.891667 0.596875 0.881250 0.598437 0.879167 0.598437 0.866667 0.600000 0.864583 0.600000 0.858333 0.601562 0.856250 0.601562 0.845833 0.603125 0.843750 0.603125 0.839583 0.604688 0.837500 0.604688 0.822917 0.606250 0.820833 0.606250 0.810417 0.607812 0.808333 0.607812 0.802083 0.609375 0.800000 0.609375 0.793750 0.610938 0.791667 0.610938 0.783333 0.612500 0.781250 0.612500 0.772917 0.614062 0.770833 0.614062 0.760417 0.615625 0.758333 0.615625 0.752083 0.617188 0.750000 0.617188 0.739583 0.618750 0.737500 0.618750 0.729167 0.620313 0.727083 0.620313 0.718750 0.621875 0.716667 0.621875 0.710417 0.623437 0.708333 0.623437 0.702083 0.625000 0.700000 0.625000 0.693750 0.626563 0.691667 0.626563 0.677083 0.628125 0.675000 0.628125 0.668750 0.629687 0.666667 0.629687 0.660417 0.631250 0.658333 0.631250 0.647917 0.632812 0.645833 0.632812 0.637500 0.634375 0.635417 0.634375 0.627083 0.635938 0.625000 0.635938 0.618750 0.637500 0.616667 0.637500 0.606250 0.639062 0.604167 0.639062 0.595833 0.640625 0.593750 0.640625 0.579167 0.642188 0.577083 0.642188 0.570833 0.643750 0.568750 0.643750 0.560417 0.645312 0.558333 0.645312 0.550000 0.646875 0.547917 0.646875 0.539583 0.648438 0.537500 0.648438 0.529167 0.650000 0.527083 0.650000 0.518750 0.651563 0.516667 0.651563 0.508333 0.653125 0.506250 0.653125 0.500000 0.654687 0.497917 0.654687 0.489583 0.656250 0.487500 0.656250 0.483333 0.657813 0.481250 0.657813 0.470833 0.659375 0.468750 0.659375 0.460417 0.660937 0.458333 0.660937 0.454167 0.664062 0.450000 0.664062 0.422917 0.665625 0.420833 0.665625 0.418750 0.667188 0.416667 0.667188 0.404167 0.668750 0.402083 0.668750 0.393750 0.670312 0.391667 0.670312 0.383333 0.671875 0.381250 0.671875 0.372917 0.673438 0.370833 0.673438 0.360417 0.675000 0.358333 0.675000 0.352083 0.676562 0.350000 0.676562 0.341667 0.678125 0.339583 0.678125 0.333333 0.679688 0.331250 0.679688 0.322917 0.681250 0.320833 0.681250 0.312500 0.682813 0.310417 0.682813 0.293750
3 0.493750 0.433333 0.490625 0.437500 0.490625 0.441667 0.489063 0.443750 0.489063 0.452083 0.487500 0.454167 0.487500 0.460417 0.485938 0.462500 0.485938 0.468750 0.484375 0.470833 0.484375 0.477083 0.482812 0.479167 0.482812 0.481250 0.481250 0.483333 0.481250 0.487500 0.479687 0.489583 0.479687 0.493750 0.478125 0.495833 0.478125 0.500000 0.476562 0.502083 0.476562 0.510417 0.475000 0.512500 0.475000 0.520833 0.473438 0.522917 0.473438 0.547917 0.476562 0.552083 0.481250 0.552083 0.482812 0.550000 0.484375 0.550000 0.485938 0.547917 0.485938 0.545833 0.487500 0.543750 0.487500 0.539583 0.489063 0.537500 0.489063 0.527083 0.490625 0.525000 0.490625 0.508333 0.492188 0.506250 0.492188 0.493750 0.493750 0.491667 0.493750 0.470833 0.495312 0.468750 0.495312 0.456250 0.496875 0.454167 0.496875 0.433333
4 0.281250 0.979167 0.279687 0.981250 0.279687 0.985417 0.278125 0.987500 0.278125 0.997917 0.310937 0.997917 0.310937 0.993750 0.307812 0.989583 0.306250 0.989583 0.304688 0.987500 0.303125 0.987500 0.301563 0.985417 0.298438 0.985417 0.296875 0.983333 0.293750 0.983333 0.292187 0.981250 0.289062 0.981250 0.287500 0.979167
2 0.526563 0.939583 0.525000 0.941667 0.525000 0.950000 0.528125 0.945833 0.528125 0.939583
2 0.548438 0.937500 0.548438 0.950000 0.554688 0.950000 0.557813 0.945833 0.556250 0.943750 0.554688 0.945833 0.554688 0.947917 0.553125 0.950000 0.551562 0.950000 0.548438 0.945833 0.548438 0.943750 0.550000 0.941667 0.551562 0.941667 0.550000 0.941667 0.548438 0.939583
2 0.540625 0.929167 0.540625 0.931250 0.542188 0.931250
2 0.528125 0.920833 0.528125 0.922917 0.525000 0.927083 0.523438 0.927083 0.525000 0.929167 0.526563 0.929167 0.528125 0.931250 0.528125 0.927083 0.531250 0.922917 0.532813 0.922917 0.531250 0.922917 0.529687 0.920833
2 0.564063 0.916667 0.564063 0.918750 0.568750 0.918750 0.565625 0.918750
2 0.526563 0.908333 0.525000 0.910417 0.525000 0.916667 0.528125 0.912500 0.528125 0.908333
2 0.548438 0.906250 0.546875 0.908333 0.548438 0.908333 0.550000 0.910417 0.553125 0.910417 0.554688 0.912500 0.554688 0.916667 0.553125 0.918750 0.550000 0.918750 0.548438 0.916667 0.548438 0.914583 0.548438 0.916667 0.546875 0.918750 0.554688 0.918750 0.562500 0.908333 0.564063 0.908333 0.562500 0.908333 0.560937 0.910417 0.557813 0.910417 0.556250 0.908333 0.557813 0.910417 0.556250 0.912500 0.554688 0.912500 0.553125 0.910417 0.550000 0.910417 0.548438 0.908333
2 0.501563 0.727083 0.500000 0.729167 0.498437 0.729167 0.495312 0.733333 0.493750 0.733333 0.487500 0.741667 0.482812 0.741667 0.481250 0.743750 0.468750 0.743750 0.468750 0.745833 0.462500 0.754167 0.462500 0.777083 0.464062 0.779167 0.464062 0.781250 0.465625 0.783333 0.465625 0.787500 0.467187 0.789583 0.465625 0.791667 0.465625 0.793750 0.467187 0.795833 0.467187 0.808333 0.464062 0.812500 0.462500 0.812500 0.460938 0.814583 0.462500 0.816667 0.460938 0.818750 0.460938 0.822917 0.462500 0.825000 0.462500 0.829167 0.464062 0.831250 0.464062 0.833333 0.462500 0.835417 0.462500 0.837500 0.464062 0.839583 0.460938 0.843750 0.460938 0.877083 0.462500 0.879167 0.462500 0.891667 0.464062 0.893750 0.464062 0.895833 0.460938 0.900000 0.462500 0.902083 0.460938 0.904167 0.460938 0.935417 0.459375 0.937500 0.459375 0.945833 0.460938 0.947917 0.460938 0.950000 0.459375 0.952083 0.459375 0.966667 0.457813 0.968750 0.457813 0.972917 0.459375 0.975000 0.459375 0.985417 0.457813 0.987500 0.457813 0.989583 0.459375 0.991667 0.459375 0.995833 0.460938 0.997917 0.515625 0.997917 0.517188 0.995833 0.517188 0.991667 0.518750 0.989583 0.518750 0.987500 0.517188 0.985417 0.518750 0.983333 0.518750 0.981250 0.517188 0.979167 0.517188 0.968750 0.518750 0.966667 0.518750 0.964583 0.517188 0.962500 0.517188 0.960417 0.518750 0.958333 0.517188 0.956250 0.517188 0.954167 0.518750 0.952083 0.518750 0.950000 0.517188 0.947917 0.517188 0.937500 0.518750 0.935417 0.518750 0.918750 0.517188 0.916667 0.517188 0.889583 0.515625 0.887500 0.515625 0.860417 0.514062 0.860417 0.512500 0.858333 0.512500 0.847917 0.510938 0.845833 0.510938 0.843750 0.512500 0.841667 0.512500 0.837500 0.510938 0.835417 0.510938 0.802083 0.509375 0.800000 0.509375 0.793750 0.510938 0.791667 0.510938 0.787500 0.509375 0.785417 0.509375 0.777083 0.510938 0.775000 0.509375 0.772917 0.509375 0.737500 0.507812 0.735417 0.509375 0.733333 0.509375 0.727083
2 0.517188 0.712500 0.515625 0.714583 0.517188 0.714583
2 0.742188 0.916667 0.740625 0.918750 0.739062 0.918750 0.735938 0.922917 0.735938 0.929167 0.734375 0.931250 0.734375 0.935417 0.732812 0.937500 0.732812 0.939583 0.731250 0.941667 0.731250 0.950000 0.729688 0.952083 0.729688 0.964583 0.728125 0.966667 0.728125 0.981250 0.726562 0.983333 0.726562 0.997917 0.804688 0.997917 0.804688 0.989583 0.806250 0.987500 0.806250 0.956250 0.804688 0.954167 0.804688 0.952083 0.803125 0.950000 0.803125 0.947917 0.785937 0.925000 0.784375 0.925000 0.782813 0.922917 0.781250 0.922917 0.779687 0.920833 0.770312 0.920833 0.768750 0.918750 0.757812 0.918750 0.756250 0.916667
2 0.993750 0.279167 0.992188 0.281250 0.990625 0.281250 0.989062 0.283333 0.987500 0.283333 0.985938 0.285417 0.982812 0.285417 0.981250 0.287500 0.978125 0.287500 0.976562 0.289583 0.975000 0.289583 0.973437 0.291667 0.970313 0.291667 0.968750 0.293750 0.965625 0.293750 0.964063 0.295833 0.962500 0.295833 0.960938 0.297917 0.959375 0.297917 0.957812 0.300000 0.954688 0.300000 0.953125 0.302083 0.951562 0.302083 0.950000 0.304167 0.946875 0.304167 0.945312 0.306250 0.942187 0.306250 0.940625 0.308333 0.939063 0.308333 0.937500 0.310417 0.934375 0.310417 0.932813 0.312500 0.931250 0.312500 0.929688 0.314583 0.928125 0.314583 0.926562 0.316667 0.923438 0.316667 0.921875 0.318750 0.920312 0.318750 0.918750 0.320833 0.915625 0.320833 0.914062 0.322917 0.910937 0.322917 0.909375 0.325000 0.907813 0.325000 0.906250 0.327083 0.903125 0.327083 0.901563 0.329167 0.900000 0.329167 0.898438 0.331250 0.896875 0.331250 0.895312 0.333333 0.893750 0.333333 0.892188 0.335417 0.889062 0.335417 0.887500 0.337500 0.884375 0.337500 0.882812 0.339583 0.881250 0.339583 0.879687 0.341667 0.878125 0.341667 0.876563 0.343750 0.875000 0.343750 0.873437 0.345833 0.871875 0.345833 0.870313 0.347917 0.865625 0.347917 0.864062 0.350000 0.859375 0.350000 0.857812 0.352083 0.856250 0.352083 0.854688 0.354167 0.853125 0.354167 0.851562 0.356250 0.850000 0.356250 0.848437 0.358333 0.846875 0.358333 0.845313 0.360417 0.843750 0.360417 0.842187 0.362500 0.840625 0.362500 0.839063 0.364583 0.835938 0.364583 0.834375 0.366667 0.831250 0.366667 0.829688 0.368750 0.828125 0.368750 0.826562 0.370833 0.823438 0.370833 0.821875 0.372917 0.820312 0.372917 0.818750 0.375000 0.815625 0.375000 0.814063 0.377083 0.812500 0.377083 0.810937 0.379167 0.809375 0.379167 0.807813 0.381250 0.806250 0.381250 0.804688 0.383333 0.803125 0.383333 0.801562 0.385417 0.798438 0.385417 0.796875 0.387500 0.793750 0.387500 0.792188 0.389583 0.789062 0.389583 0.787500 0.391667 0.782813 0.391667 0.781250 0.393750 0.778125 0.393750 0.776563 0.395833 0.775000 0.395833 0.773438 0.397917 0.771875 0.397917 0.770312 0.400000 0.767188 0.400000 0.765625 0.402083 0.762500 0.402083 0.760938 0.404167 0.757812 0.404167 0.756250 0.406250 0.753125 0.406250 0.751563 0.408333 0.748437 0.408333 0.746875 0.410417 0.743750 0.410417 0.742188 0.412500 0.740625 0.412500 0.739062 0.414583 0.735938 0.414583 0.732812 0.418750 0.731250 0.418750 0.729688 0.420833 0.726562 0.420833 0.723437 0.425000 0.721875 0.425000 0.720313 0.427083 0.718750 0.427083 0.714063 0.433333 0.714063 0.439583 0.712500 0.441667 0.712500 0.447917 0.718750 0.456250 0.718750 0.458333 0.721875 0.458333 0.723437 0.456250 0.726562 0.456250 0.728125 0.454167 0.732812 0.454167 0.734375 0.452083 0.737500 0.452083 0.739062 0.450000 0.742188 0.450000 0.743750 0.447917 0.745313 0.447917 0.746875 0.445833 0.750000 0.445833 0.751563 0.443750 0.753125 0.443750 0.754687 0.441667 0.757812 0.441667 0.759375 0.439583 0.760938 0.439583 0.762500 0.437500 0.767188 0.437500 0.768750 0.435417 0.770312 0.435417 0.771875 0.433333 0.775000 0.433333 0.776563 0.431250 0.778125 0.431250 0.779687 0.429167 0.782813 0.429167 0.784375 0.427083 0.785937 0.427083 0.787500 0.425000 0.790625 0.425000 0.792188 0.422917 0.795312 0.422917 0.796875 0.420833 0.800000 0.420833 0.801562 0.418750 0.804688 0.418750 0.806250 0.416667 0.807813 0.416667 0.809375 0.414583 0.810937 0.414583 0.812500 0.412500 0.815625 0.412500 0.817187 0.410417 0.818750 0.410417 0.820312 0.408333 0.823438 0.408333 0.825000 0.406250 0.828125 0.406250 0.829688 0.404167 0.832812 0.404167 0.834375 0.402083 0.835938 0.402083 0.837500 0.400000 0.840625 0.400000 0.842187 0.397917 0.843750 0.397917 0.845313 0.395833 0.846875 0.395833 0.848437 0.393750 0.851562 0.393750 0.853125 0.391667 0.854688 0.391667 0.856250 0.389583 0.860938 0.389583 0.862500 0.387500 0.864062 0.387500 0.865625 0.385417 0.868750 0.385417 0.870313 0.383333 0.871875 0.383333 0.873437 0.381250 0.876563 0.381250 0.878125 0.379167 0.879687 0.379167 0.881250 0.377083 0.882812 0.377083 0.884375 0.375000 0.885938 0.375000 0.887500 0.372917 0.892188 0.372917 0.893750 0.370833 0.895312 0.370833 0.896875 0.368750 0.900000 0.368750 0.901563 0.366667 0.904687 0.366667 0.906250 0.364583 0.907813 0.364583 0.909375 0.362500 0.912500 0.362500 0.914062 0.360417 0.915625 0.360417 0.917188 0.358333 0.921875 0.358333 0.923438 0.356250 0.925000 0.356250 0.926562 0.354167 0.928125 0.354167 0.929688 0.352083 0.932813 0.352083 0.934375 0.350000 0.935937 0.350000 0.937500 0.347917 0.940625 0.347917 0.942187 0.345833 0.943750 0.345833 0.945312 0.343750 0.948438 0.343750 0.950000 0.341667 0.953125 0.341667 0.954688 0.339583 0.956250 0.339583 0.957812 0.337500 0.960938 0.337500 0.962500 0.335417 0.965625 0.335417 0.967187 0.333333 0.970313 0.333333 0.971875 0.331250 0.973437 0.331250 0.975000 0.329167 0.976562 0.329167 0.978125 0.327083 0.981250 0.327083 0.982812 0.325000 0.985938 0.325000 0.987500 0.322917 0.989062 0.322917 0.990625 0.320833 0.993750 0.320833 0.995313 0.318750 0.998437 0.318750 0.998437 0.279167
2 0.160938 0.835417 0.159375 0.837500 0.157812 0.837500 0.156250 0.839583 0.156250 0.841667 0.154688 0.843750 0.154688 0.845833 0.153125 0.847917 0.153125 0.850000 0.151562 0.852083 0.151562 0.856250 0.150000 0.858333 0.150000 0.860417 0.148438 0.862500 0.148438 0.864583 0.146875 0.866667 0.146875 0.868750 0.145313 0.870833 0.145313 0.872917 0.143750 0.875000 0.143750 0.877083 0.142187 0.879167 0.142187 0.881250 0.140625 0.883333 0.140625 0.887500 0.139063 0.889583 0.139063 0.900000 0.142187 0.904167 0.146875 0.904167 0.148438 0.906250 0.151562 0.906250 0.153125 0.908333 0.156250 0.908333 0.157812 0.910417 0.160938 0.910417 0.162500 0.912500 0.164062 0.912500 0.167187 0.916667 0.168750 0.916667 0.170313 0.918750 0.171875 0.918750 0.173437 0.920833 0.175000 0.920833 0.176563 0.922917 0.178125 0.922917 0.179688 0.925000 0.181250 0.925000 0.182812 0.927083 0.184375 0.927083 0.185938 0.929167 0.187500 0.929167 0.189062 0.931250 0.192188 0.931250 0.193750 0.933333 0.195312 0.933333 0.196875 0.935417 0.200000 0.935417 0.203125 0.939583 0.206250 0.939583 0.207813 0.941667 0.209375 0.941667 0.210938 0.943750 0.212500 0.943750 0.214062 0.945833 0.217188 0.945833 0.218750 0.947917 0.220312 0.947917 0.221875 0.950000 0.225000 0.950000 0.226562 0.952083 0.228125 0.952083 0.229687 0.954167 0.231250 0.954167 0.232813 0.956250 0.234375 0.956250 0.235937 0.958333 0.239063 0.958333 0.240625 0.960417 0.242188 0.960417 0.243750 0.962500 0.246875 0.962500 0.248438 0.964583 0.250000 0.964583 0.251563 0.966667 0.253125 0.966667 0.254688 0.968750 0.257812 0.968750 0.259375 0.970833 0.262500 0.970833 0.264062 0.972917 0.265625 0.972917 0.267188 0.975000 0.270313 0.975000 0.271875 0.977083 0.273438 0.977083 0.275000 0.979167 0.276562 0.979167 0.281250 0.985417 0.281250 0.987500 0.284375 0.991667 0.285938 0.991667 0.290625 0.997917 0.428125 0.997917 0.426563 0.995833 0.425000 0.995833 0.421875 0.991667 0.420312 0.991667 0.418750 0.989583 0.417187 0.989583 0.415625 0.987500 0.414062 0.987500 0.410938 0.983333 0.407813 0.983333 0.404687 0.979167 0.401562 0.979167 0.398438 0.975000 0.395313 0.975000 0.393750 0.972917 0.392188 0.972917 0.390625 0.970833 0.389062 0.970833 0.387500 0.968750 0.385937 0.968750 0.384375 0.966667 0.382812 0.966667 0.381250 0.964583 0.378125 0.964583 0.376563 0.962500 0.375000 0.962500 0.371875 0.958333 0.368750 0.958333 0.367188 0.956250 0.365625 0.956250 0.364063 0.954167 0.362500 0.954167 0.360938 0.952083 0.359375 0.952083 0.357812 0.950000 0.356250 0.950000 0.354687 0.947917 0.353125 0.947917 0.351562 0.945833 0.350000 0.945833 0.348438 0.943750 0.345313 0.943750 0.343750 0.941667 0.342187 0.941667 0.340625 0.939583 0.339062 0.939583 0.337500 0.937500 0.335938 0.937500 0.334375 0.935417 0.332813 0.935417 0.331250 0.933333 0.329688 0.933333 0.328125 0.931250 0.325000 0.931250 0.323437 0.929167 0.320312 0.929167 0.318750 0.927083 0.317188 0.927083 0.315625 0.925000 0.314063 0.925000 0.312500 0.922917 0.309375 0.922917 0.307812 0.920833 0.303125 0.920833 0.301563 0.918750 0.300000 0.918750 0.298438 0.916667 0.295312 0.916667 0.293750 0.914583 0.292187 0.914583 0.290625 0.912500 0.289062 0.912500 0.287500 0.910417 0.284375 0.910417 0.282813 0.908333 0.281250 0.908333 0.279687 0.906250 0.279687 0.904167 0.278125 0.902083 0.276562 0.902083 0.275000 0.900000 0.273438 0.900000 0.270313 0.895833 0.268750 0.895833 0.267188 0.893750 0.264062 0.893750 0.259375 0.887500 0.257812 0.887500 0.256250 0.885417 0.254688 0.885417 0.253125 0.883333 0.251563 0.883333 0.250000 0.881250 0.248438 0.881250 0.246875 0.879167 0.245312 0.879167 0.243750 0.877083 0.242188 0.877083 0.239063 0.872917 0.237500 0.872917 0.235937 0.870833 0.232813 0.870833 0.231250 0.868750 0.228125 0.868750 0.226562 0.866667 0.225000 0.866667 0.223438 0.864583 0.221875 0.864583 0.220312 0.862500 0.217188 0.862500 0.212500 0.856250 0.209375 0.856250 0.207813 0.854167 0.204687 0.854167 0.201563 0.850000 0.200000 0.850000 0.198437 0.847917 0.196875 0.847917 0.195312 0.845833 0.192188 0.845833 0.190625 0.843750 0.189062 0.843750 0.185938 0.839583 0.181250 0.839583 0.179688 0.837500 0.171875 0.837500 0.170313 0.835417