0 0.545312 0.410417 0.542188 0.414583 0.540625 0.414583 0.535937 0.420833 0.535937 0.422917 0.534375 0.425000 0.534375 0.427083 0.532813 0.429167 0.532813 0.433333 0.531250 0.435417 0.531250 0.437500 0.529687 0.439583 0.529687 0.450000 0.525000 0.456250 0.525000 0.458333 0.523438 0.460417 0.523438 0.462500 0.521875 0.464583 0.521875 0.466667 0.520312 0.468750 0.520312 0.470833 0.518750 0.472917 0.518750 0.475000 0.517188 0.477083 0.517188 0.481250 0.514062 0.485417 0.514062 0.487500 0.512500 0.489583 0.512500 0.491667 0.510938 0.493750 0.510938 0.495833 0.509375 0.497917 0.507812 0.497917 0.504687 0.502083 0.504687 0.504167 0.501563 0.508333 0.501563 0.510417 0.490625 0.525000 0.490625 0.527083 0.489063 0.529167 0.487500 0.529167 0.482812 0.535417 0.482812 0.537500 0.481250 0.539583 0.479687 0.539583 0.478125 0.541667 0.478125 0.543750 0.476562 0.545833 0.475000 0.545833 0.468750 0.554167 0.467187 0.554167 0.459375 0.564583 0.457813 0.564583 0.453125 0.570833 0.451562 0.570833 0.448437 0.575000 0.445312 0.575000 0.443750 0.577083 0.435937 0.577083 0.432812 0.572917 0.432812 0.568750 0.431250 0.566667 0.431250 0.533333 0.432812 0.531250 0.432812 0.527083 0.431250 0.525000 0.431250 0.508333 0.429688 0.506250 0.429688 0.497917 0.428125 0.495833 0.428125 0.493750 0.426563 0.491667 0.426563 0.487500 0.425000 0.485417 0.425000 0.483333 0.421875 0.479167 0.421875 0.477083 0.420312 0.475000 0.420312 0.472917 0.409375 0.458333 0.407813 0.458333 0.406250 0.456250 0.395313 0.456250 0.393750 0.458333 0.393750 0.460417 0.392188 0.462500 0.392188 0.466667 0.393750 0.468750 0.393750 0.475000 0.395313 0.477083 0.395313 0.481250 0.396875 0.483333 0.396875 0.489583 0.398438 0.491667 0.398438 0.495833 0.400000 0.497917 0.400000 0.522917 0.398438 0.525000 0.398438 0.531250 0.400000 0.533333 0.400000 0.560417 0.398438 0.562500 0.398438 0.572917 0.396875 0.575000 0.396875 0.583333 0.395313 0.585417 0.395313 0.591667 0.393750 0.593750 0.393750 0.606250 0.392188 0.608333 0.392188 0.637500 0.390625 0.639583 0.390625 0.656250 0.389062 0.658333 0.389062 0.677083 0.387500 0.679167 0.387500 0.710417 0.385937 0.712500 0.385937 0.727083 0.384375 0.729167 0.384375 0.737500 0.382812 0.739583 0.382812 0.745833 0.381250 0.747917 0.381250 0.754167 0.379688 0.756250 0.379688 0.760417 0.378125 0.762500 0.378125 0.766667 0.376563 0.768750 0.376563 0.772917 0.375000 0.775000 0.375000 0.779167 0.373437 0.781250 0.373437 0.785417 0.371875 0.787500 0.371875 0.793750 0.370312 0.795833 0.370312 0.800000 0.368750 0.802083 0.368750 0.804167 0.367188 0.806250 0.367188 0.810417 0.365625 0.812500 0.365625 0.816667 0.364063 0.818750 0.364063 0.822917 0.362500 0.825000 0.362500 0.827083 0.360938 0.829167 0.360938 0.833333 0.357812 0.837500 0.357812 0.841667 0.356250 0.843750 0.356250 0.845833 0.354687 0.847917 0.354687 0.850000 0.353125 0.852083 0.353125 0.854167 0.351562 0.856250 0.351562 0.858333 0.350000 0.860417 0.350000 0.862500 0.348438 0.864583 0.348438 0.866667 0.346875 0.868750 0.346875 0.870833 0.345313 0.872917 0.345313 0.877083 0.343750 0.879167 0.343750 0.881250 0.342187 0.883333 0.342187 0.885417 0.339062 0.889583 0.339062 0.891667 0.337500 0.893750 0.337500 0.895833 0.335938 0.897917 0.335938 0.900000 0.334375 0.902083 0.334375 0.904167 0.332813 0.906250 0.332813 0.908333 0.331250 0.910417 0.331250 0.912500 0.329688 0.914583 0.329688 0.916667 0.326562 0.920833 0.326562 0.922917 0.301563 0.956250 0.300000 0.956250 0.300000 0.958333 0.298438 0.960417 0.296875 0.960417 0.295312 0.962500 0.295312 0.964583 0.292187 0.968750 0.290625 0.968750 0.282813 0.979167 0.282813 0.981250 0.276562 0.989583 0.276562 0.991667 0.275000 0.993750 0.275000 0.995833 0.273438 0.997917 0.403125 0.997917 0.406250 0.993750 0.406250 0.991667 0.407813 0.989583 0.407813 0.987500 0.409375 0.985417 0.409375 0.983333 0.410938 0.981250 0.410938 0.977083 0.412500 0.975000 0.412500 0.972917 0.414062 0.970833 0.414062 0.968750 0.415625 0.966667 0.415625 0.964583 0.417187 0.962500 0.417187 0.960417 0.418750 0.958333 0.418750 0.954167 0.420312 0.952083 0.420312 0.947917 0.421875 0.945833 0.421875 0.943750 0.423438 0.941667 0.423438 0.939583 0.425000 0.937500 0.425000 0.935417 0.426563 0.933333 0.426563 0.931250 0.428125 0.929167 0.428125 0.927083 0.429688 0.925000 0.429688 0.922917 0.431250 0.920833 0.431250 0.918750 0.432812 0.916667 0.432812 0.914583 0.434375 0.912500 0.434375 0.908333 0.435937 0.906250 0.435937 0.904167 0.437500 0.902083 0.437500 0.900000 0.439063 0.897917 0.439063 0.895833 0.440625 0.893750 0.440625 0.891667 0.442188 0.889583 0.442188 0.887500 0.443750 0.885417 0.443750 0.883333 0.445312 0.881250 0.445312 0.879167 0.446875 0.877083 0.446875 0.875000 0.450000 0.870833 0.450000 0.868750 0.453125 0.864583 0.453125 0.862500 0.454688 0.860417 0.454688 0.858333 0.457813 0.854167 0.457813 0.852083 0.459375 0.850000 0.459375 0.847917 0.462500 0.843750 0.462500 0.841667 0.464062 0.839583 0.464062 0.837500 0.465625 0.835417 0.465625 0.831250 0.467187 0.829167 0.467187 0.827083 0.468750 0.825000 0.468750 0.822917 0.470313 0.820833 0.470313 0.818750 0.471875 0.816667 0.471875 0.814583 0.473438 0.812500 0.473438 0.810417 0.475000 0.808333 0.475000 0.806250 0.476562 0.804167 0.476562 0.802083 0.479687 0.797917 0.479687 0.795833 0.482812 0.791667 0.482812 0.789583 0.487500 0.783333 0.487500 0.781250 0.500000 0.764583 0.501563 0.764583 0.503125 0.762500 0.503125 0.760417 0.515625 0.743750 0.515625 0.741667 0.523438 0.731250 0.523438 0.729167 0.528125 0.722917 0.528125 0.720833 0.543750 0.700000 0.543750 0.697917 0.548438 0.691667 0.548438 0.689583 0.551562 0.685417 0.551562 0.668750 0.550000 0.666667 0.550000 0.662500 0.548438 0.660417 0.548438 0.654167 0.546875 0.652083 0.548438 0.650000 0.548438 0.641667 0.550000 0.639583 0.550000 0.637500 0.551562 0.635417 0.551562 0.631250 0.553125 0.629167 0.553125 0.627083 0.556250 0.622917 0.556250 0.620833 0.557813 0.618750 0.557813 0.616667 0.560937 0.612500 0.560937 0.610417 0.565625 0.604167 0.565625 0.602083 0.571875 0.593750 0.571875 0.591667 0.576562 0.585417 0.576562 0.583333 0.578125 0.581250 0.578125 0.579167 0.581250 0.575000 0.581250 0.568750 0.582812 0.566667 0.581250 0.564583 0.581250 0.562500 0.582812 0.560417 0.581250 0.558333 0.581250 0.547917 0.582812 0.545833 0.582812 0.543750 0.584375 0.541667 0.584375 0.539583 0.585938 0.537500 0.585938 0.535417 0.589063 0.531250 0.589063 0.529167 0.590625 0.527083 0.590625 0.516667 0.592187 0.514583 0.592187 0.506250 0.593750 0.504167 0.593750 0.500000 0.595313 0.497917 0.595313 0.489583 0.596875 0.487500 0.596875 0.458333 0.593750 0.454167 0.592187 0.454167 0.590625 0.452083 0.584375 0.452083 0.582812 0.454167 0.579688 0.454167 0.579688 0.456250 0.578125 0.458333 0.578125 0.460417 0.576562 0.462500 0.576562 0.466667 0.573438 0.470833 0.573438 0.475000 0.571875 0.477083 0.571875 0.481250 0.570312 0.483333 0.570312 0.487500 0.568750 0.489583 0.568750 0.491667 0.567187 0.493750 0.567187 0.495833 0.562500 0.502083 0.562500 0.504167 0.560937 0.506250 0.560937 0.510417 0.557813 0.514583 0.556250 0.514583 0.556250 0.516667 0.545312 0.531250 0.545312 0.533333 0.535937 0.545833 0.534375 0.545833 0.532813 0.547917 0.531250 0.547917 0.528125 0.552083 0.525000 0.552083 0.523438 0.550000 0.523438 0.541667 0.525000 0.539583 0.525000 0.537500 0.528125 0.533333 0.528125 0.531250 0.531250 0.527083 0.531250 0.525000 0.532813 0.522917 0.532813 0.520833 0.539062 0.512500 0.539062 0.510417 0.540625 0.508333 0.540625 0.506250 0.542188 0.504167 0.542188 0.502083 0.545312 0.497917 0.545312 0.493750 0.546875 0.491667 0.546875 0.479167 0.548438 0.477083 0.548438 0.472917 0.550000 0.470833 0.550000 0.468750 0.551562 0.466667 0.551562 0.464583 0.553125 0.462500 0.553125 0.458333 0.554688 0.456250 0.554688 0.452083 0.556250 0.450000 0.556250 0.441667 0.557813 0.439583 0.557813 0.437500 0.559375 0.435417 0.559375 0.418750 0.557813 0.416667 0.557813 0.414583 0.554688 0.410417
0 0.095312 0.262500 0.093750 0.264583 0.081250 0.264583 0.079687 0.266667 0.073438 0.266667 0.071875 0.268750 0.060937 0.268750 0.059375 0.270833 0.051562 0.270833 0.050000 0.272917 0.042188 0.272917 0.040625 0.275000 0.028125 0.275000 0.026562 0.277083 0.014063 0.277083 0.012500 0.279167 0.000000 0.279167 0.000000 0.420833 0.001563 0.418750 0.007812 0.418750 0.009375 0.416667 0.014063 0.416667 0.015625 0.414583 0.018750 0.414583 0.020313 0.412500 0.023438 0.412500 0.025000 0.410417 0.029687 0.410417 0.031250 0.408333 0.032813 0.408333 0.034375 0.406250 0.037500 0.406250 0.039062 0.404167 0.042188 0.404167 0.043750 0.402083 0.046875 0.402083 0.048438 0.400000 0.051562 0.400000 0.053125 0.397917 0.056250 0.397917 0.057813 0.395833 0.059375 0.395833 0.060937 0.393750 0.062500 0.393750 0.064062 0.391667 0.065625 0.391667 0.068750 0.387500 0.068750 0.383333 0.070312 0.381250 0.070312 0.375000 0.071875 0.372917 0.071875 0.368750 0.073438 0.366667 0.073438 0.362500 0.075000 0.360417 0.075000 0.354167 0.076563 0.352083 0.076563 0.350000 0.078125 0.347917 0.078125 0.343750 0.079687 0.341667 0.079687 0.339583 0.081250 0.337500 0.081250 0.333333 0.082812 0.331250 0.082812 0.327083 0.084375 0.325000 0.084375 0.322917 0.085938 0.320833 0.085938 0.316667 0.087500 0.314583 0.087500 0.310417 0.089063 0.308333 0.089063 0.304167 0.090625 0.302083 0.090625 0.297917 0.092188 0.295833 0.092188 0.291667 0.093750 0.289583 0.093750 0.287500 0.095312 0.285417 0.095312 0.281250 0.096875 0.279167 0.096875 0.270833 0.098437 0.268750 0.098437 0.266667
0 0.232813 0.233333 0.231250 0.235417 0.228125 0.235417 0.226562 0.237500 0.223438 0.237500 0.221875 0.239583 0.218750 0.239583 0.217188 0.237500 0.215625 0.237500 0.214062 0.239583 0.214062 0.241667 0.212500 0.243750 0.212500 0.245833 0.210938 0.247917 0.210938 0.250000 0.209375 0.252083 0.209375 0.256250 0.207813 0.258333 0.207813 0.266667 0.206250 0.268750 0.206250 0.285417 0.204687 0.287500 0.204687 0.310417 0.203125 0.312500 0.204687 0.314583 0.204687 0.316667 0.214062 0.316667 0.215625 0.314583 0.218750 0.314583 0.220312 0.312500 0.223438 0.312500 0.225000 0.310417 0.226562 0.310417 0.228125 0.308333 0.231250 0.308333 0.232813 0.306250 0.235937 0.306250 0.237500 0.304167 0.240625 0.304167 0.242188 0.302083 0.243750 0.302083 0.245312 0.300000 0.250000 0.300000 0.251563 0.297917 0.256250 0.297917 0.257812 0.295833 0.260937 0.295833 0.262500 0.293750 0.264062 0.293750 0.265625 0.291667 0.270313 0.291667 0.271875 0.289583 0.271875 0.275000 0.270313 0.272917 0.270313 0.270833 0.267188 0.266667 0.267188 0.264583 0.265625 0.262500 0.265625 0.260417 0.262500 0.256250 0.260937 0.256250 0.256250 0.250000 0.254688 0.250000 0.248438 0.241667 0.248438 0.239583 0.246875 0.237500 0.246875 0.235417 0.245312 0.233333
0 0.393750 0.091667 0.392188 0.093750 0.382812 0.093750 0.381250 0.095833 0.379688 0.095833 0.378125 0.097917 0.375000 0.097917 0.373437 0.100000 0.371875 0.100000 0.368750 0.104167 0.367188 0.104167 0.364063 0.108333 0.362500 0.108333 0.360938 0.110417 0.357812 0.110417 0.354687 0.114583 0.353125 0.114583 0.346875 0.122917 0.345313 0.122917 0.345313 0.125000 0.343750 0.127083 0.342187 0.127083 0.335938 0.135417 0.334375 0.135417 0.328125 0.143750 0.328125 0.145833 0.317188 0.160417 0.317188 0.162500 0.314063 0.166667 0.314063 0.168750 0.312500 0.170833 0.312500 0.172917 0.307812 0.179167 0.307812 0.181250 0.304688 0.185417 0.304688 0.187500 0.301563 0.191667 0.301563 0.193750 0.300000 0.195833 0.300000 0.197917 0.298438 0.200000 0.298438 0.202083 0.296875 0.204167 0.298438 0.206250 0.298438 0.220833 0.300000 0.222917 0.300000 0.233333 0.298438 0.235417 0.298438 0.237500 0.296875 0.239583 0.296875 0.247917 0.295312 0.250000 0.295312 0.252083 0.296875 0.254167 0.296875 0.258333 0.298438 0.260417 0.298438 0.266667 0.301563 0.270833 0.301563 0.272917 0.303125 0.275000 0.307812 0.275000 0.309375 0.277083 0.310937 0.275000 0.315625 0.275000 0.317188 0.272917 0.320312 0.272917 0.321875 0.270833 0.325000 0.270833 0.326562 0.268750 0.331250 0.268750 0.332813 0.266667 0.335938 0.266667 0.337500 0.264583 0.340625 0.264583 0.342187 0.262500 0.346875 0.262500 0.348438 0.260417 0.351562 0.260417 0.353125 0.258333 0.357812 0.258333 0.359375 0.256250 0.362500 0.256250 0.364063 0.254167 0.367188 0.254167 0.368750 0.252083 0.373437 0.252083 0.375000 0.250000 0.376563 0.250000 0.378125 0.247917 0.382812 0.247917 0.384375 0.245833 0.387500 0.245833 0.389062 0.243750 0.393750 0.243750 0.395313 0.241667 0.396875 0.241667 0.398438 0.239583 0.400000 0.239583 0.401562 0.237500 0.401562 0.227083 0.400000 0.225000 0.400000 0.222917 0.398438 0.222917 0.396875 0.220833 0.389062 0.220833 0.387500 0.218750 0.384375 0.218750 0.382812 0.216667 0.381250 0.216667 0.379688 0.214583 0.379688 0.212500 0.376563 0.208333 0.376563 0.202083 0.375000 0.200000 0.375000 0.189583 0.378125 0.185417 0.378125 0.183333 0.385937 0.172917 0.387500 0.172917 0.389062 0.170833 0.392188 0.170833 0.392188 0.168750 0.395313 0.164583 0.395313 0.162500 0.400000 0.156250 0.401562 0.156250 0.403125 0.154167 0.404687 0.154167 0.406250 0.152083 0.409375 0.152083 0.410938 0.150000 0.414062 0.150000 0.415625 0.147917 0.420312 0.147917 0.421875 0.145833 0.426563 0.145833 0.428125 0.143750 0.434375 0.143750 0.435937 0.141667 0.437500 0.141667 0.439063 0.139583 0.440625 0.139583 0.442188 0.137500 0.445312 0.137500 0.446875 0.135417 0.448437 0.135417 0.450000 0.133333 0.450000 0.131250 0.451562 0.129167 0.451562 0.125000 0.450000 0.122917 0.450000 0.118750 0.448437 0.116667 0.448437 0.112500 0.446875 0.110417 0.445312 0.110417 0.443750 0.108333 0.442188 0.108333 0.440625 0.106250 0.440625 0.104167 0.435937 0.097917 0.428125 0.097917 0.426563 0.095833 0.421875 0.095833 0.420312 0.097917 0.417187 0.097917 0.415625 0.095833 0.407813 0.095833 0.406250 0.093750 0.404687 0.093750 0.403125 0.091667
2 0.200000 0.916667 0.198437 0.918750 0.185938 0.918750 0.184375 0.920833 0.179688 0.920833 0.178125 0.922917 0.178125 0.927083 0.176563 0.929167 0.176563 0.950000 0.175000 0.952083 0.175000 0.972917 0.173437 0.975000 0.173437 0.997917 0.215625 0.997917 0.215625 0.983333 0.217188 0.981250 0.217188 0.922917 0.215625 0.920833 0.215625 0.918750 0.214062 0.916667
2 0.160938 0.072917 0.159375 0.075000 0.159375 0.079167 0.157812 0.081250 0.157812 0.085417 0.156250 0.087500 0.156250 0.091667 0.154688 0.093750 0.154688 0.097917 0.153125 0.100000 0.153125 0.102083 0.151562 0.104167 0.151562 0.110417 0.150000 0.112500 0.150000 0.114583 0.148438 0.116667 0.148438 0.127083 0.146875 0.129167 0.146875 0.131250 0.145313 0.133333 0.145313 0.137500 0.142187 0.141667 0.142187 0.143750 0.140625 0.145833 0.140625 0.147917 0.139063 0.150000 0.139063 0.156250 0.137500 0.158333 0.137500 0.162500 0.135937 0.164583 0.135937 0.166667 0.134375 0.168750 0.134375 0.172917 0.132812 0.175000 0.132812 0.177083 0.131250 0.179167 0.131250 0.181250 0.129688 0.183333 0.129688 0.189583 0.128125 0.191667 0.128125 0.193750 0.126562 0.195833 0.126562 0.200000 0.125000 0.202083 0.125000 0.204167 0.123438 0.206250 0.123438 0.208333 0.121875 0.210417 0.121875 0.214583 0.120313 0.216667 0.120313 0.220833 0.118750 0.222917 0.118750 0.225000 0.117188 0.227083 0.117188 0.231250 0.115625 0.233333 0.115625 0.235417 0.114062 0.237500 0.114062 0.239583 0.112500 0.241667 0.112500 0.245833 0.110937 0.247917 0.110937 0.250000 0.107813 0.254167 0.107813 0.256250 0.106250 0.258333 0.106250 0.260417 0.103125 0.264583 0.103125 0.266667 0.101562 0.268750 0.101562 0.272917 0.100000 0.275000 0.100000 0.279167 0.098437 0.281250 0.098437 0.285417 0.096875 0.287500 0.096875 0.289583 0.095312 0.291667 0.095312 0.297917 0.093750 0.300000 0.093750 0.302083 0.092188 0.304167 0.092188 0.308333 0.090625 0.310417 0.090625 0.312500 0.089063 0.314583 0.089063 0.316667 0.087500 0.318750 0.087500 0.322917 0.085938 0.325000 0.085938 0.329167 0.084375 0.331250 0.084375 0.333333 0.082812 0.335417 0.082812 0.339583 0.081250 0.341667 0.081250 0.345833 0.079687 0.347917 0.079687 0.350000 0.078125 0.352083 0.078125 0.358333 0.076563 0.360417 0.076563 0.364583 0.075000 0.366667 0.075000 0.372917 0.073438 0.375000 0.073438 0.406250 0.075000 0.408333 0.075000 0.429167 0.076563 0.431250 0.076563 0.447917 0.078125 0.450000 0.078125 0.466667 0.079687 0.468750 0.079687 0.479167 0.082812 0.483333 0.084375 0.483333 0.085938 0.485417 0.143750 0.485417 0.145313 0.487500 0.170313 0.487500 0.171875 0.485417 0.173437 0.485417 0.175000 0.483333 0.176563 0.483333 0.178125 0.481250 0.178125 0.472917 0.179688 0.470833 0.179688 0.468750 0.178125 0.466667 0.178125 0.464583 0.179688 0.462500 0.179688 0.429167 0.181250 0.427083 0.181250 0.420833 0.182812 0.418750 0.182812 0.414583 0.184375 0.412500 0.184375 0.397917 0.185938 0.395833 0.185938 0.381250 0.187500 0.379167 0.187500 0.366667 0.189062 0.364583 0.189062 0.356250 0.190625 0.354167 0.190625 0.350000 0.192188 0.347917 0.192188 0.343750 0.190625 0.341667 0.190625 0.339583 0.192188 0.337500 0.192188 0.335417 0.193750 0.333333 0.193750 0.331250 0.195312 0.329167 0.195312 0.322917 0.196875 0.320833 0.196875 0.312500 0.198437 0.310417 0.198437 0.306250 0.200000 0.304167 0.200000 0.287500 0.201563 0.285417 0.201563 0.256250 0.203125 0.254167 0.203125 0.243750 0.204687 0.241667 0.204687 0.225000 0.206250 0.222917 0.204687 0.220833 0.204687 0.210417 0.206250 0.208333 0.206250 0.181250 0.207813 0.179167 0.207813 0.168750 0.209375 0.166667 0.209375 0.158333 0.210938 0.156250 0.210938 0.147917 0.212500 0.145833 0.212500 0.133333 0.214062 0.131250 0.214062 0.118750 0.215625 0.116667 0.215625 0.100000 0.217188 0.097917 0.217188 0.083333 0.215625 0.081250 0.214062 0.081250 0.212500 0.079167 0.207813 0.079167 0.206250 0.077083 0.195312 0.077083 0.193750 0.075000 0.176563 0.075000 0.175000 0.072917
2 0.551562 0.485417 0.551562 0.489583 0.548438 0.493750 0.548438 0.497917 0.545312 0.502083 0.545312 0.504167 0.540625 0.510417 0.540625 0.514583 0.542188 0.514583 0.543750 0.512500 0.546875 0.512500 0.548438 0.510417 0.550000 0.510417 0.553125 0.506250 0.553125 0.504167 0.554688 0.502083 0.554688 0.500000 0.556250 0.497917 0.556250 0.491667 0.553125 0.487500 0.553125 0.485417
2 0.448437 0.139583 0.446875 0.141667 0.443750 0.141667 0.442188 0.143750 0.439063 0.143750 0.437500 0.145833 0.435937 0.145833 0.434375 0.147917 0.428125 0.147917 0.426563 0.150000 0.421875 0.150000 0.420312 0.152083 0.417187 0.152083 0.415625 0.154167 0.412500 0.154167 0.410938 0.156250 0.407813 0.156250 0.406250 0.158333 0.404687 0.158333 0.401562 0.162500 0.400000 0.162500 0.398438 0.164583 0.398438 0.170833 0.396875 0.172917 0.398438 0.175000 0.398438 0.181250 0.400000 0.183333 0.400000 0.187500 0.401562 0.189583 0.401562 0.200000 0.403125 0.202083 0.403125 0.210417 0.404687 0.212500 0.404687 0.218750 0.406250 0.220833 0.406250 0.231250 0.407813 0.233333 0.407813 0.239583 0.409375 0.241667 0.409375 0.250000 0.410938 0.252083 0.410938 0.256250 0.412500 0.258333 0.412500 0.268750 0.414062 0.270833 0.414062 0.277083 0.415625 0.279167 0.415625 0.285417 0.417187 0.287500 0.417187 0.295833 0.418750 0.297917 0.418750 0.304167 0.420312 0.306250 0.420312 0.314583 0.421875 0.316667 0.421875 0.325000 0.423438 0.327083 0.423438 0.333333 0.425000 0.335417 0.425000 0.343750 0.426563 0.345833 0.426563 0.352083 0.428125 0.354167 0.428125 0.364583 0.429688 0.366667 0.429688 0.372917 0.431250 0.375000 0.431250 0.387500 0.432812 0.389583 0.432812 0.397917 0.434375 0.400000 0.434375 0.402083 0.435937 0.404167 0.435937 0.412500 0.437500 0.414583 0.437500 0.420833 0.439063 0.422917 0.439063 0.429167 0.440625 0.431250 0.440625 0.439583 0.442188 0.441667 0.442188 0.452083 0.443750 0.454167 0.443750 0.462500 0.445312 0.464583 0.445312 0.470833 0.446875 0.472917 0.446875 0.481250 0.448437 0.483333 0.448437 0.485417 0.451562 0.489583 0.451562 0.491667 0.453125 0.493750 0.453125 0.495833 0.456250 0.500000 0.456250 0.502083 0.457813 0.504167 0.457813 0.506250 0.462500 0.512500 0.462500 0.514583 0.464062 0.514583 0.465625 0.516667 0.465625 0.518750 0.467187 0.520833 0.467187 0.522917 0.468750 0.525000 0.468750 0.527083 0.475000 0.535417 0.478125 0.535417 0.479687 0.533333 0.481250 0.533333 0.490625 0.520833 0.490625 0.518750 0.495312 0.512500 0.496875 0.512500 0.498437 0.510417 0.498437 0.508333 0.501563 0.504167 0.501563 0.502083 0.506250 0.495833 0.506250 0.493750 0.509375 0.489583 0.509375 0.487500 0.512500 0.483333 0.512500 0.481250 0.514062 0.479167 0.514062 0.477083 0.515625 0.475000 0.515625 0.472917 0.518750 0.468750 0.518750 0.466667 0.520312 0.464583 0.520312 0.462500 0.521875 0.460417 0.521875 0.458333 0.523438 0.456250 0.523438 0.454167 0.525000 0.452083 0.525000 0.450000 0.526563 0.447917 0.526563 0.445833 0.528125 0.443750 0.528125 0.435417 0.529687 0.433333 0.529687 0.427083 0.531250 0.425000 0.531250 0.422917 0.532813 0.420833 0.532813 0.416667 0.535937 0.412500 0.535937 0.410417 0.537500 0.408333 0.537500 0.406250 0.535937 0.404167 0.535937 0.395833 0.529687 0.387500 0.529687 0.385417 0.528125 0.383333 0.528125 0.377083 0.523438 0.370833 0.523438 0.368750 0.520312 0.364583 0.520312 0.360417 0.518750 0.358333 0.518750 0.356250 0.517188 0.354167 0.517188 0.352083 0.515625 0.350000 0.515625 0.347917 0.514062 0.345833 0.514062 0.343750 0.512500 0.341667 0.512500 0.337500 0.509375 0.333333 0.509375 0.329167 0.507812 0.327083 0.507812 0.325000 0.506250 0.322917 0.506250 0.318750 0.504687 0.316667 0.504687 0.314583 0.503125 0.312500 0.503125 0.308333 0.501563 0.306250 0.501563 0.304167 0.500000 0.302083 0.500000 0.300000 0.498437 0.297917 0.498437 0.293750 0.496875 0.291667 0.496875 0.289583 0.495312 0.287500 0.495312 0.285417 0.493750 0.283333 0.493750 0.279167 0.492188 0.277083 0.492188 0.275000 0.490625 0.272917 0.490625 0.268750 0.489063 0.266667 0.489063 0.262500 0.487500 0.260417 0.487500 0.256250 0.485938 0.254167 0.485938 0.247917 0.484375 0.245833 0.484375 0.241667 0.482812 0.239583 0.482812 0.235417 0.481250 0.233333 0.481250 0.229167 0.479687 0.227083 0.479687 0.225000 0.478125 0.222917 0.478125 0.216667 0.476562 0.214583 0.476562 0.210417 0.475000 0.208333 0.475000 0.204167 0.473438 0.202083 0.473438 0.197917 0.471875 0.195833 0.471875 0.191667 0.470313 0.189583 0.470313 0.185417 0.468750 0.183333 0.468750 0.179167 0.467187 0.177083 0.467187 0.175000 0.465625 0.172917 0.465625 0.168750 0.464062 0.166667 0.464062 0.164583 0.460938 0.160417 0.460938 0.158333 0.459375 0.156250 0.459375 0.154167 0.457813 0.152083 0.457813 0.150000 0.456250 0.147917 0.456250 0.145833 0.451562 0.139583
2 0.685937 0.033333 0.684375 0.035417 0.676562 0.035417 0.675000 0.037500 0.673438 0.037500 0.671875 0.039583 0.670312 0.039583 0.667188 0.043750 0.668750 0.045833 0.668750 0.050000 0.667188 0.052083 0.665625 0.052083 0.662500 0.056250 0.662500 0.060417 0.659375 0.064583 0.659375 0.068750 0.657813 0.070833 0.657813 0.075000 0.656250 0.077083 0.656250 0.087500 0.657813 0.089583 0.657813 0.095833 0.660937 0.100000 0.660937 0.102083 0.662500 0.104167 0.662500 0.106250 0.665625 0.110417 0.665625 0.112500 0.668750 0.116667 0.668750 0.118750 0.673438 0.125000 0.673438 0.127083 0.675000 0.129167 0.675000 0.131250 0.678125 0.135417 0.678125 0.137500 0.681250 0.141667 0.681250 0.143750 0.684375 0.147917 0.684375 0.150000 0.687500 0.154167 0.687500 0.156250 0.689063 0.158333 0.689063 0.160417 0.693750 0.166667 0.693750 0.168750 0.695312 0.170833 0.695312 0.172917 0.700000 0.179167 0.700000 0.181250 0.703125 0.185417 0.703125 0.187500 0.704688 0.189583 0.704688 0.191667 0.707812 0.195833 0.707812 0.197917 0.714063 0.206250 0.714063 0.208333 0.718750 0.214583 0.718750 0.216667 0.720313 0.218750 0.720313 0.220833 0.725000 0.227083 0.725000 0.229167 0.729688 0.235417 0.729688 0.237500 0.732812 0.241667 0.732812 0.243750 0.737500 0.250000 0.737500 0.252083 0.740625 0.256250 0.740625 0.258333 0.743750 0.262500 0.743750 0.264583 0.748437 0.270833 0.748437 0.272917 0.753125 0.279167 0.753125 0.281250 0.757812 0.287500 0.757812 0.289583 0.762500 0.295833 0.764062 0.295833 0.765625 0.297917 0.781250 0.297917 0.782813 0.300000 0.784375 0.297917 0.789062 0.297917 0.787500 0.295833 0.787500 0.293750 0.789062 0.291667 0.790625 0.291667 0.792188 0.289583 0.795312 0.289583 0.798438 0.285417 0.800000 0.285417 0.803125 0.281250 0.804688 0.281250 0.806250 0.279167 0.806250 0.277083 0.804688 0.275000 0.804688 0.272917 0.803125 0.270833 0.803125 0.268750 0.801562 0.266667 0.801562 0.264583 0.800000 0.262500 0.800000 0.260417 0.798438 0.258333 0.798438 0.256250 0.796875 0.254167 0.796875 0.252083 0.793750 0.247917 0.793750 0.243750 0.790625 0.239583 0.790625 0.237500 0.789062 0.235417 0.789062 0.233333 0.787500 0.231250 0.787500 0.229167 0.784375 0.225000 0.784375 0.222917 0.782813 0.220833 0.782813 0.218750 0.779687 0.214583 0.779687 0.212500 0.778125 0.210417 0.778125 0.208333 0.776563 0.206250 0.776563 0.204167 0.775000 0.202083 0.775000 0.200000 0.771875 0.195833 0.771875 0.193750 0.768750 0.189583 0.768750 0.187500 0.764062 0.181250 0.764062 0.179167 0.757812 0.170833 0.757812 0.168750 0.753125 0.162500 0.753125 0.160417 0.751563 0.158333 0.751563 0.154167 0.750000 0.152083 0.750000 0.150000 0.746875 0.145833 0.746875 0.143750 0.745313 0.141667 0.745313 0.139583 0.743750 0.137500 0.743750 0.135417 0.739062 0.129167 0.739062 0.127083 0.735938 0.122917 0.735938 0.120833 0.732812 0.116667 0.732812 0.114583 0.731250 0.112500 0.731250 0.110417 0.723437 0.100000 0.723437 0.097917 0.720313 0.093750 0.720313 0.091667 0.717187 0.087500 0.717187 0.085417 0.712500 0.079167 0.712500 0.075000 0.706250 0.066667 0.706250 0.064583 0.704688 0.062500 0.704688 0.060417 0.701562 0.056250 0.701562 0.054167 0.696875 0.047917 0.696875 0.043750 0.689063 0.033333
3 0.562500 0.435417 0.559375 0.439583 0.559375 0.443750 0.557813 0.445833 0.557813 0.447917 0.559375 0.450000 0.559375 0.454167 0.562500 0.458333 0.562500 0.460417 0.564063 0.460417 0.565625 0.462500 0.567187 0.462500 0.568750 0.464583 0.570312 0.464583 0.571875 0.466667 0.573438 0.464583 0.575000 0.464583 0.575000 0.460417 0.576562 0.458333 0.576562 0.450000 0.570312 0.441667 0.568750 0.441667 0.564063 0.435417
3 0.512500 0.343750 0.510938 0.345833 0.510938 0.356250 0.512500 0.356250 0.515625 0.360417 0.515625 0.368750 0.517188 0.370833 0.517188 0.372917 0.520312 0.377083 0.520312 0.379167 0.521875 0.381250 0.521875 0.385417 0.523438 0.387500 0.523438 0.393750 0.525000 0.395833 0.525000 0.397917 0.526563 0.400000 0.526563 0.402083 0.532813 0.410417 0.532813 0.414583 0.534375 0.412500 0.535937 0.412500 0.537500 0.410417 0.539062 0.410417 0.540625 0.408333 0.542188 0.408333 0.543750 0.406250 0.545312 0.406250 0.545312 0.402083 0.543750 0.400000 0.543750 0.397917 0.542188 0.395833 0.542188 0.393750 0.540625 0.391667 0.540625 0.389583 0.539062 0.387500 0.539062 0.385417 0.525000 0.366667 0.525000 0.364583 0.520312 0.358333 0.520312 0.356250 0.517188 0.352083 0.517188 0.350000
4 0.426563 0.956250 0.425000 0.958333 0.423438 0.958333 0.421875 0.960417 0.421875 0.962500 0.423438 0.964583 0.428125 0.964583 0.429688 0.966667 0.460938 0.966667 0.462500 0.968750 0.467187 0.968750 0.470313 0.972917 0.471875 0.972917 0.475000 0.977083 0.470313 0.983333 0.465625 0.983333 0.464062 0.985417 0.460938 0.985417 0.459375 0.987500 0.451562 0.987500 0.450000 0.989583 0.446875 0.989583 0.445312 0.991667 0.440625 0.991667 0.439063 0.993750 0.437500 0.993750 0.434375 0.997917 0.479687 0.997917 0.481250 0.995833 0.485938 0.995833 0.487500 0.993750 0.492188 0.993750 0.493750 0.991667 0.498437 0.991667 0.500000 0.989583 0.504687 0.989583 0.506250 0.987500 0.510938 0.987500 0.512500 0.985417 0.515625 0.985417 0.517188 0.983333 0.523438 0.983333 0.525000 0.981250 0.531250 0.981250 0.532813 0.979167 0.553125 0.979167 0.554688 0.981250 0.557813 0.981250 0.565625 0.991667 0.567187 0.991667 0.568750 0.993750 0.575000 0.993750 0.576562 0.991667 0.578125 0.991667 0.584375 0.983333 0.584375 0.977083 0.582812 0.975000 0.582812 0.972917 0.579688 0.968750 0.576562 0.968750 0.575000 0.966667 0.571875 0.966667 0.570312 0.964583 0.567187 0.964583 0.564063 0.960417 0.562500 0.960417 0.560937 0.958333 0.557813 0.958333 0.556250 0.956250 0.550000 0.956250 0.548438 0.958333 0.467187 0.958333 0.465625 0.956250 0.459375 0.956250 0.457813 0.958333 0.456250 0.958333 0.454688 0.956250 0.443750 0.956250 0.442188 0.958333 0.439063 0.958333 0.437500 0.956250
1 0.398438 0.245833 0.396875 0.247917 0.390625 0.247917 0.389062 0.250000 0.385937 0.250000 0.384375 0.252083 0.381250 0.252083 0.379688 0.254167 0.376563 0.254167 0.375000 0.256250 0.371875 0.256250 0.370312 0.258333 0.365625 0.258333 0.364063 0.260417 0.359375 0.260417 0.357812 0.262500 0.356250 0.262500 0.354687 0.264583 0.351562 0.264583 0.350000 0.266667 0.346875 0.266667 0.345313 0.268750 0.340625 0.268750 0.339062 0.270833 0.335938 0.270833 0.334375 0.272917 0.329688 0.272917 0.328125 0.275000 0.325000 0.275000 0.323437 0.277083 0.321875 0.277083 0.320312 0.279167 0.317188 0.279167 0.315625 0.281250 0.312500 0.281250 0.310937 0.283333 0.309375 0.283333 0.306250 0.287500 0.304688 0.287500 0.301563 0.291667 0.300000 0.291667 0.298438 0.293750 0.295312 0.293750 0.293750 0.295833 0.289062 0.295833 0.287500 0.297917 0.267188 0.297917 0.265625 0.300000 0.264062 0.300000 0.262500 0.302083 0.259375 0.302083 0.257812 0.304167 0.253125 0.304167 0.251563 0.306250 0.248438 0.306250 0.246875 0.308333 0.242188 0.308333 0.240625 0.310417 0.237500 0.310417 0.235937 0.312500 0.232813 0.312500 0.231250 0.314583 0.228125 0.314583 0.226562 0.316667 0.223438 0.316667 0.221875 0.318750 0.218750 0.318750 0.217188 0.320833 0.214062 0.320833 0.212500 0.322917 0.207813 0.322917 0.206250 0.325000 0.204687 0.325000 0.203125 0.327083 0.201563 0.327083 0.200000 0.329167 0.200000 0.335417 0.198437 0.337500 0.198437 0.347917 0.196875 0.350000 0.196875 0.356250 0.195312 0.358333 0.195312 0.364583 0.193750 0.366667 0.193750 0.381250 0.192188 0.383333 0.192188 0.391667 0.190625 0.393750 0.190625 0.400000 0.189062 0.402083 0.189062 0.404167 0.190625 0.406250 0.189062 0.408333 0.189062 0.414583 0.187500 0.416667 0.187500 0.420833 0.185938 0.422917 0.185938 0.443750 0.184375 0.445833 0.184375 0.450000 0.182812 0.452083 0.182812 0.464583 0.181250 0.466667 0.181250 0.481250 0.171875 0.493750 0.171875 0.591667 0.170313 0.593750 0.170313 0.595833 0.168750 0.597917 0.168750 0.602083 0.167187 0.604167 0.167187 0.608333 0.165625 0.610417 0.165625 0.625000 0.167187 0.625000 0.170313 0.629167 0.170313 0.631250 0.171875 0.633333 0.171875 0.635417 0.173437 0.637500 0.173437 0.654167 0.175000 0.656250 0.175000 0.725000 0.176563 0.727083 0.176563 0.791667 0.178125 0.793750 0.176563 0.795833 0.176563 0.797917 0.178125 0.800000 0.178125 0.854167 0.179688 0.856250 0.178125 0.858333 0.178125 0.864583 0.179688 0.866667 0.179688 0.900000 0.181250 0.902083 0.181250 0.914583 0.182812 0.914583 0.184375 0.916667 0.198437 0.916667 0.200000 0.914583 0.212500 0.914583 0.214062 0.916667 0.215625 0.916667 0.217188 0.918750 0.217188 0.922917 0.218750 0.925000 0.218750 0.929167 0.220312 0.931250 0.220312 0.941667 0.223438 0.945833 0.259375 0.945833 0.260937 0.943750 0.301563 0.943750 0.303125 0.941667 0.306250 0.941667 0.307812 0.939583 0.309375 0.939583 0.312500 0.935417 0.314063 0.935417 0.318750 0.929167 0.318750 0.927083 0.325000 0.918750 0.325000 0.916667 0.328125 0.912500 0.328125 0.910417 0.329688 0.908333 0.329688 0.906250 0.331250 0.904167 0.331250 0.902083 0.332813 0.900000 0.332813 0.897917 0.334375 0.895833 0.334375 0.893750 0.335938 0.891667 0.335938 0.889583 0.339062 0.885417 0.339062 0.883333 0.340625 0.881250 0.340625 0.879167 0.342187 0.877083 0.342187 0.872917 0.343750 0.870833 0.343750 0.868750 0.345313 0.866667 0.345313 0.864583 0.346875 0.862500 0.346875 0.860417 0.348438 0.858333 0.348438 0.856250 0.350000 0.854167 0.350000 0.852083 0.351562 0.850000 0.351562 0.847917 0.353125 0.845833 0.353125 0.841667 0.354687 0.839583 0.354687 0.837500 0.356250 0.835417 0.356250 0.833333 0.357812 0.831250 0.357812 0.829167 0.359375 0.827083 0.359375 0.825000 0.360938 0.822917 0.360938 0.818750 0.362500 0.816667 0.362500 0.814583 0.364063 0.812500 0.364063 0.808333 0.365625 0.806250 0.365625 0.802083 0.367188 0.800000 0.367188 0.793750 0.368750 0.791667 0.368750 0.789583 0.370312 0.787500 0.370312 0.783333 0.371875 0.781250 0.371875 0.775000 0.373437 0.772917 0.373437 0.770833 0.375000 0.768750 0.375000 0.762500 0.376563 0.760417 0.376563 0.756250 0.378125 0.754167 0.378125 0.750000 0.379688 0.747917 0.379688 0.739583 0.381250 0.737500 0.381250 0.729167 0.382812 0.727083 0.382812 0.706250 0.384375 0.704167 0.384375 0.681250 0.385937 0.679167 0.385937 0.658333 0.387500 0.656250 0.387500 0.641667 0.389062 0.639583 0.389062 0.620833 0.390625 0.618750 0.390625 0.591667 0.392188 0.589583 0.392188 0.585417 0.393750 0.583333 0.393750 0.577083 0.395313 0.575000 0.395313 0.564583 0.396875 0.562500 0.396875 0.531250 0.395313 0.529167 0.395313 0.522917 0.396875 0.520833 0.396875 0.500000 0.395313 0.497917 0.395313 0.491667 0.393750 0.489583 0.393750 0.483333 0.392188 0.481250 0.392188 0.479167 0.390625 0.477083 0.390625 0.468750 0.389062 0.466667 0.389062 0.464583 0.390625 0.462500 0.390625 0.454167 0.392188 0.452083 0.393750 0.452083 0.395313 0.450000 0.406250 0.450000 0.407813 0.452083 0.409375 0.452083 0.410938 0.454167 0.412500 0.454167 0.415625 0.458333 0.418750 0.458333 0.420312 0.456250 0.420312 0.450000 0.421875 0.447917 0.421875 0.439583 0.423438 0.437500 0.423438 0.425000 0.425000 0.422917 0.425000 0.412500 0.426563 0.410417 0.426563 0.395833 0.428125 0.393750 0.428125 0.372917 0.426563 0.370833 0.426563 0.360417 0.425000 0.358333 0.425000 0.352083 0.423438 0.350000 0.423438 0.345833 0.421875 0.343750 0.421875 0.333333 0.420312 0.331250 0.420312 0.325000 0.418750 0.322917 0.418750 0.314583 0.417187 0.312500 0.417187 0.306250 0.415625 0.304167 0.415625 0.295833 0.414062 0.293750 0.414062 0.283333 0.412500 0.281250 0.412500 0.277083 0.410938 0.275000 0.410938 0.266667 0.409375 0.264583 0.409375 0.258333 0.407813 0.256250 0.407813 0.252083 0.404687 0.247917 0.404687 0.245833
1 0.387500 0.181250 0.387500 0.183333 0.385937 0.185417 0.384375 0.185417 0.381250 0.189583 0.381250 0.193750 0.379688 0.195833 0.379688 0.204167 0.381250 0.206250 0.381250 0.208333 0.385937 0.214583 0.396875 0.214583 0.398438 0.212500 0.398438 0.206250 0.396875 0.204167 0.396875 0.197917 0.395313 0.195833 0.395313 0.189583 0.393750 0.187500 0.390625 0.187500 0.387500 0.183333
1 0.168750 0.064583 0.167187 0.066667 0.164062 0.066667 0.165625 0.068750 0.167187 0.068750 0.168750 0.070833 0.179688 0.070833 0.181250 0.072917 0.192188 0.072917 0.193750 0.075000 0.207813 0.075000 0.209375 0.077083 0.212500 0.077083 0.214062 0.079167 0.215625 0.079167 0.218750 0.083333 0.218750 0.129167 0.217188 0.131250 0.217188 0.145833 0.215625 0.147917 0.215625 0.158333 0.217188 0.160417 0.215625 0.162500 0.215625 0.177083 0.214062 0.179167 0.214062 0.200000 0.212500 0.202083 0.212500 0.229167 0.215625 0.233333 0.218750 0.233333 0.220312 0.231250 0.223438 0.231250 0.225000 0.229167 0.228125 0.229167 0.229687 0.227083 0.237500 0.227083 0.239063 0.225000 0.240625 0.225000 0.242188 0.222917 0.243750 0.222917 0.246875 0.218750 0.246875 0.214583 0.256250 0.202083 0.257812 0.202083 0.259375 0.200000 0.260937 0.200000 0.262500 0.197917 0.264062 0.197917 0.265625 0.195833 0.270313 0.195833 0.271875 0.193750 0.281250 0.193750 0.282813 0.195833 0.287500 0.195833 0.289062 0.197917 0.295312 0.197917 0.296875 0.195833 0.296875 0.191667 0.300000 0.187500 0.300000 0.183333 0.304688 0.177083 0.304688 0.175000 0.307812 0.170833 0.307812 0.168750 0.312500 0.162500 0.312500 0.160417 0.321875 0.147917 0.321875 0.145833 0.331250 0.133333 0.332813 0.133333 0.342187 0.120833 0.343750 0.120833 0.351562 0.110417 0.353125 0.110417 0.356250 0.106250 0.359375 0.106250 0.364063 0.100000 0.364063 0.097917 0.362500 0.095833 0.359375 0.095833 0.357812 0.093750 0.350000 0.093750 0.348438 0.091667 0.335938 0.091667 0.334375 0.089583 0.325000 0.089583 0.323437 0.087500 0.312500 0.087500 0.310937 0.085417 0.300000 0.085417 0.298438 0.083333 0.287500 0.083333 0.285938 0.081250 0.275000 0.081250 0.273438 0.079167 0.264062 0.079167 0.262500 0.077083 0.243750 0.077083 0.242188 0.075000 0.231250 0.075000 0.229687 0.072917 0.215625 0.072917 0.214062 0.070833 0.195312 0.070833 0.193750 0.068750 0.184375 0.068750 0.182812 0.066667 0.170313 0.066667