0 0.075000 0.483333 0.073438 0.485417 0.071875 0.485417 0.071875 0.491667 0.070312 0.493750 0.070312 0.500000 0.068750 0.502083 0.068750 0.508333 0.067187 0.510417 0.067187 0.516667 0.065625 0.518750 0.065625 0.525000 0.064062 0.527083 0.064062 0.529167 0.062500 0.531250 0.062500 0.533333 0.060937 0.535417 0.060937 0.537500 0.059375 0.539583 0.059375 0.541667 0.054688 0.547917 0.054688 0.550000 0.050000 0.556250 0.050000 0.558333 0.045312 0.564583 0.045312 0.566667 0.037500 0.577083 0.037500 0.579167 0.035937 0.581250 0.034375 0.581250 0.034375 0.583333 0.031250 0.587500 0.031250 0.589583 0.029687 0.591667 0.029687 0.593750 0.023438 0.602083 0.023438 0.604167 0.021875 0.606250 0.021875 0.608333 0.018750 0.612500 0.018750 0.614583 0.015625 0.618750 0.015625 0.620833 0.014063 0.622917 0.014063 0.625000 0.012500 0.627083 0.012500 0.629167 0.007812 0.635417 0.007812 0.637500 0.003125 0.643750 0.003125 0.645833 0.001563 0.647917 0.000000 0.647917 0.000000 0.870833 0.001563 0.870833 0.003125 0.868750 0.004687 0.868750 0.009375 0.862500 0.010937 0.862500 0.015625 0.856250 0.017188 0.856250 0.021875 0.850000 0.021875 0.847917 0.026562 0.841667 0.028125 0.841667 0.028125 0.835417 0.029687 0.833333 0.029687 0.827083 0.031250 0.825000 0.031250 0.802083 0.032813 0.800000 0.032813 0.797917 0.062500 0.758333 0.062500 0.756250 0.071875 0.743750 0.071875 0.741667 0.075000 0.737500 0.075000 0.735417 0.078125 0.731250 0.078125 0.727083 0.081250 0.722917 0.081250 0.720833 0.082812 0.718750 0.082812 0.716667 0.084375 0.714583 0.084375 0.712500 0.085938 0.710417 0.085938 0.708333 0.089063 0.704167 0.089063 0.702083 0.090625 0.700000 0.090625 0.697917 0.095312 0.691667 0.095312 0.689583 0.096875 0.687500 0.096875 0.685417 0.098437 0.683333 0.098437 0.681250 0.101562 0.677083 0.101562 0.675000 0.104688 0.670833 0.104688 0.668750 0.106250 0.666667 0.106250 0.664583 0.109375 0.660417 0.109375 0.654167 0.110937 0.652083 0.110937 0.650000 0.112500 0.647917 0.112500 0.643750 0.114062 0.641667 0.114062 0.637500 0.115625 0.635417 0.115625 0.631250 0.117188 0.629167 0.117188 0.625000 0.118750 0.622917 0.118750 0.618750 0.120313 0.616667 0.120313 0.610417 0.121875 0.608333 0.121875 0.606250 0.123438 0.604167 0.123438 0.597917 0.125000 0.595833 0.125000 0.589583 0.126562 0.587500 0.126562 0.583333 0.128125 0.581250 0.128125 0.572917 0.129688 0.570833 0.129688 0.568750 0.131250 0.566667 0.131250 0.560417 0.132812 0.558333 0.132812 0.552083 0.134375 0.550000 0.134375 0.545833 0.135937 0.543750 0.135937 0.539583 0.139063 0.535417 0.139063 0.531250 0.140625 0.529167 0.140625 0.525000 0.142187 0.522917 0.142187 0.520833 0.143750 0.518750 0.143750 0.516667 0.145313 0.514583 0.145313 0.512500 0.146875 0.510417 0.146875 0.508333 0.148438 0.506250 0.148438 0.504167 0.150000 0.502083 0.150000 0.500000 0.151562 0.497917 0.151562 0.491667 0.150000 0.489583 0.146875 0.489583 0.145313 0.487500 0.120313 0.487500 0.118750 0.485417 0.084375 0.485417 0.082812 0.483333
0 0.215625 0.293750 0.214062 0.295833 0.210938 0.295833 0.207813 0.300000 0.204687 0.300000 0.201563 0.304167 0.201563 0.308333 0.196875 0.314583 0.198437 0.316667 0.196875 0.318750 0.196875 0.322917 0.198437 0.325000 0.196875 0.327083 0.196875 0.329167 0.198437 0.331250 0.198437 0.337500 0.200000 0.339583 0.200000 0.341667 0.201563 0.343750 0.201563 0.345833 0.203125 0.347917 0.203125 0.350000 0.206250 0.354167 0.206250 0.358333 0.207813 0.360417 0.207813 0.362500 0.209375 0.364583 0.209375 0.379167 0.207813 0.381250 0.207813 0.385417 0.198437 0.397917 0.195312 0.397917 0.193750 0.400000 0.190625 0.400000 0.185938 0.406250 0.185938 0.418750 0.184375 0.420833 0.184375 0.435417 0.182812 0.437500 0.182812 0.456250 0.184375 0.458333 0.184375 0.466667 0.185938 0.468750 0.187500 0.468750 0.189062 0.470833 0.190625 0.470833 0.192188 0.468750 0.198437 0.468750 0.200000 0.466667 0.203125 0.466667 0.204687 0.464583 0.207813 0.464583 0.209375 0.462500 0.210938 0.462500 0.212500 0.460417 0.214062 0.460417 0.217188 0.456250 0.218750 0.456250 0.223438 0.450000 0.223438 0.447917 0.226562 0.443750 0.226562 0.441667 0.228125 0.439583 0.228125 0.437500 0.229687 0.435417 0.229687 0.433333 0.234375 0.427083 0.234375 0.425000 0.243750 0.412500 0.243750 0.410417 0.248438 0.404167 0.248438 0.402083 0.253125 0.395833 0.253125 0.391667 0.254688 0.389583 0.254688 0.381250 0.253125 0.379167 0.253125 0.377083 0.251563 0.375000 0.251563 0.372917 0.250000 0.370833 0.250000 0.368750 0.248438 0.366667 0.248438 0.364583 0.246875 0.362500 0.246875 0.352083 0.248438 0.350000 0.248438 0.325000 0.246875 0.322917 0.246875 0.320833 0.245312 0.318750 0.243750 0.318750 0.240625 0.314583 0.239063 0.314583 0.231250 0.304167 0.231250 0.302083 0.229687 0.302083 0.226562 0.297917 0.225000 0.297917 0.223438 0.295833 0.221875 0.295833 0.220312 0.293750
0 0.079687 0.250000 0.079687 0.252083 0.078125 0.254167 0.078125 0.260417 0.076563 0.262500 0.076563 0.285417 0.075000 0.287500 0.075000 0.293750 0.073438 0.295833 0.073438 0.302083 0.071875 0.304167 0.071875 0.327083 0.070312 0.329167 0.070312 0.331250 0.071875 0.333333 0.071875 0.354167 0.073438 0.354167 0.075000 0.356250 0.075000 0.350000 0.078125 0.345833 0.078125 0.343750 0.079687 0.341667 0.079687 0.337500 0.081250 0.335417 0.081250 0.333333 0.082812 0.331250 0.082812 0.325000 0.084375 0.322917 0.084375 0.318750 0.085938 0.316667 0.085938 0.314583 0.087500 0.312500 0.087500 0.306250 0.090625 0.302083 0.090625 0.297917 0.093750 0.293750 0.093750 0.291667 0.095312 0.289583 0.095312 0.285417 0.096875 0.283333 0.096875 0.262500 0.095312 0.260417 0.095312 0.256250 0.090625 0.250000
0 0.135937 0.014583 0.134375 0.016667 0.132812 0.016667 0.131250 0.018750 0.129688 0.018750 0.128125 0.020833 0.126562 0.020833 0.121875 0.027083 0.120313 0.027083 0.103125 0.050000 0.101562 0.050000 0.095312 0.058333 0.093750 0.058333 0.087500 0.066667 0.087500 0.068750 0.084375 0.072917 0.084375 0.075000 0.081250 0.079167 0.081250 0.081250 0.079687 0.083333 0.079687 0.085417 0.073438 0.093750 0.073438 0.095833 0.070312 0.100000 0.070312 0.102083 0.067187 0.106250 0.067187 0.108333 0.064062 0.112500 0.064062 0.114583 0.062500 0.116667 0.062500 0.118750 0.059375 0.122917 0.059375 0.125000 0.057813 0.127083 0.057813 0.131250 0.056250 0.133333 0.056250 0.135417 0.054688 0.137500 0.054688 0.141667 0.053125 0.143750 0.053125 0.147917 0.051562 0.150000 0.051562 0.152083 0.050000 0.154167 0.050000 0.158333 0.043750 0.166667 0.043750 0.168750 0.042188 0.170833 0.029687 0.170833 0.028125 0.168750 0.026562 0.170833 0.025000 0.170833 0.021875 0.175000 0.018750 0.175000 0.017188 0.172917 0.017188 0.170833 0.012500 0.170833 0.010937 0.168750 0.009375 0.168750 0.007812 0.166667 0.006250 0.166667 0.001563 0.160417 0.000000 0.160417 0.000000 0.227083 0.001563 0.225000 0.007812 0.225000 0.009375 0.222917 0.014063 0.222917 0.015625 0.220833 0.020313 0.220833 0.021875 0.218750 0.026562 0.218750 0.029687 0.214583 0.039062 0.214583 0.040625 0.216667 0.043750 0.216667 0.045312 0.214583 0.048438 0.214583 0.050000 0.212500 0.054688 0.212500 0.056250 0.210417 0.059375 0.210417 0.060937 0.208333 0.064062 0.208333 0.065625 0.206250 0.068750 0.206250 0.070312 0.204167 0.075000 0.204167 0.076563 0.202083 0.078125 0.202083 0.079687 0.200000 0.082812 0.200000 0.084375 0.197917 0.092188 0.197917 0.093750 0.195833 0.101562 0.195833 0.103125 0.193750 0.112500 0.193750 0.114062 0.191667 0.118750 0.191667 0.120313 0.189583 0.121875 0.189583 0.125000 0.185417 0.125000 0.183333 0.126562 0.181250 0.126562 0.179167 0.128125 0.177083 0.128125 0.172917 0.129688 0.170833 0.129688 0.168750 0.131250 0.166667 0.131250 0.162500 0.132812 0.160417 0.132812 0.156250 0.134375 0.154167 0.134375 0.152083 0.135937 0.150000 0.135937 0.145833 0.137500 0.143750 0.137500 0.133333 0.135937 0.131250 0.135937 0.127083 0.134375 0.125000 0.134375 0.122917 0.132812 0.120833 0.132812 0.108333 0.134375 0.106250 0.134375 0.104167 0.156250 0.075000 0.159375 0.075000 0.160938 0.072917 0.171875 0.072917 0.173437 0.075000 0.182812 0.075000 0.184375 0.077083 0.187500 0.077083 0.189062 0.079167 0.196875 0.079167 0.198437 0.081250 0.206250 0.081250 0.207813 0.079167 0.210938 0.079167 0.212500 0.077083 0.212500 0.066667 0.210938 0.064583 0.210938 0.062500 0.207813 0.058333 0.206250 0.058333 0.195312 0.043750 0.193750 0.043750 0.192188 0.041667 0.189062 0.041667 0.187500 0.039583 0.184375 0.039583 0.182812 0.037500 0.179688 0.037500 0.178125 0.035417 0.176563 0.035417 0.175000 0.033333 0.171875 0.033333 0.170313 0.031250 0.168750 0.031250 0.167187 0.029167 0.165625 0.029167 0.164062 0.027083 0.160938 0.027083 0.159375 0.025000 0.157812 0.025000 0.156250 0.022917 0.154688 0.022917 0.153125 0.020833 0.150000 0.020833 0.148438 0.018750 0.146875 0.018750 0.145313 0.016667 0.142187 0.016667 0.140625 0.014583
2 0.195312 0.918750 0.193750 0.920833 0.181250 0.920833 0.178125 0.925000 0.178125 0.933333 0.176563 0.935417 0.176563 0.962500 0.175000 0.964583 0.175000 0.983333 0.173437 0.985417 0.173437 0.997917 0.214062 0.997917 0.214062 0.977083 0.215625 0.975000 0.215625 0.918750
2 0.087500 0.212500 0.089063 0.212500 0.090625 0.214583 0.090625 0.212500
2 0.162500 0.079167 0.160938 0.081250 0.157812 0.081250 0.154688 0.085417 0.153125 0.085417 0.145313 0.095833 0.145313 0.097917 0.140625 0.104167 0.140625 0.110417 0.139063 0.112500 0.139063 0.118750 0.137500 0.120833 0.139063 0.122917 0.139063 0.125000 0.140625 0.127083 0.140625 0.145833 0.139063 0.147917 0.139063 0.150000 0.137500 0.152083 0.137500 0.154167 0.135937 0.156250 0.135937 0.160417 0.134375 0.162500 0.134375 0.164583 0.132812 0.166667 0.132812 0.172917 0.131250 0.175000 0.131250 0.179167 0.129688 0.181250 0.129688 0.183333 0.126562 0.187500 0.126562 0.189583 0.120313 0.197917 0.118750 0.197917 0.117188 0.200000 0.115625 0.200000 0.114062 0.202083 0.112500 0.202083 0.110937 0.204167 0.103125 0.204167 0.104688 0.204167 0.106250 0.206250 0.106250 0.208333 0.103125 0.212500 0.101562 0.212500 0.103125 0.212500 0.104688 0.214583 0.104688 0.216667 0.103125 0.218750 0.101562 0.218750 0.104688 0.222917 0.104688 0.225000 0.103125 0.227083 0.101562 0.227083 0.101562 0.231250 0.100000 0.233333 0.098437 0.233333 0.096875 0.235417 0.087500 0.235417 0.089063 0.235417 0.090625 0.237500 0.090625 0.239583 0.092188 0.239583 0.092188 0.237500 0.093750 0.235417 0.095312 0.235417 0.096875 0.237500 0.096875 0.243750 0.098437 0.245833 0.098437 0.254167 0.100000 0.256250 0.100000 0.260417 0.101562 0.262500 0.100000 0.264583 0.100000 0.285417 0.098437 0.287500 0.098437 0.291667 0.096875 0.293750 0.096875 0.295833 0.093750 0.300000 0.093750 0.302083 0.092188 0.304167 0.092188 0.310417 0.089063 0.314583 0.089063 0.316667 0.087500 0.318750 0.087500 0.320833 0.085938 0.322917 0.085938 0.327083 0.084375 0.329167 0.084375 0.333333 0.082812 0.335417 0.082812 0.337500 0.081250 0.339583 0.081250 0.343750 0.079687 0.345833 0.079687 0.347917 0.078125 0.350000 0.078125 0.352083 0.076563 0.354167 0.076563 0.358333 0.075000 0.360417 0.075000 0.364583 0.073438 0.366667 0.073438 0.370833 0.071875 0.372917 0.071875 0.379167 0.073438 0.381250 0.073438 0.406250 0.075000 0.408333 0.075000 0.431250 0.076563 0.433333 0.076563 0.466667 0.078125 0.468750 0.078125 0.477083 0.081250 0.481250 0.090625 0.481250 0.092188 0.483333 0.132812 0.483333 0.134375 0.485417 0.150000 0.485417 0.151562 0.487500 0.162500 0.487500 0.164062 0.485417 0.170313 0.485417 0.171875 0.483333 0.175000 0.483333 0.178125 0.479167 0.178125 0.477083 0.179688 0.475000 0.179688 0.370833 0.181250 0.368750 0.181250 0.366667 0.182812 0.364583 0.182812 0.358333 0.184375 0.356250 0.184375 0.352083 0.185938 0.350000 0.185938 0.347917 0.187500 0.345833 0.187500 0.343750 0.185938 0.343750 0.184375 0.341667 0.184375 0.339583 0.185938 0.337500 0.185938 0.331250 0.187500 0.329167 0.187500 0.327083 0.185938 0.325000 0.187500 0.322917 0.187500 0.314583 0.189062 0.312500 0.189062 0.308333 0.190625 0.306250 0.190625 0.302083 0.192188 0.300000 0.192188 0.291667 0.193750 0.289583 0.193750 0.270833 0.195312 0.268750 0.195312 0.250000 0.196875 0.247917 0.196875 0.237500 0.198437 0.235417 0.198437 0.225000 0.200000 0.222917 0.200000 0.218750 0.201563 0.216667 0.201563 0.210417 0.203125 0.208333 0.203125 0.191667 0.204687 0.189583 0.204687 0.181250 0.206250 0.179167 0.206250 0.166667 0.207813 0.164583 0.207813 0.158333 0.209375 0.156250 0.209375 0.143750 0.210938 0.141667 0.210938 0.131250 0.212500 0.129167 0.212500 0.120833 0.214062 0.118750 0.214062 0.110417 0.215625 0.108333 0.215625 0.093750 0.217188 0.091667 0.217188 0.087500 0.215625 0.085417 0.215625 0.083333 0.207813 0.083333 0.206250 0.085417 0.195312 0.085417 0.193750 0.083333 0.187500 0.083333 0.185938 0.081250 0.178125 0.081250 0.176563 0.079167
2 0.526563 0.131250 0.525000 0.133333 0.523438 0.133333 0.498437 0.166667 0.498437 0.168750 0.495312 0.172917 0.495312 0.175000 0.493750 0.177083 0.493750 0.185417 0.495312 0.187500 0.495312 0.189583 0.496875 0.191667 0.496875 0.193750 0.498437 0.195833 0.498437 0.197917 0.500000 0.200000 0.500000 0.202083 0.501563 0.204167 0.503125 0.204167 0.512500 0.216667 0.515625 0.216667 0.517188 0.218750 0.518750 0.218750 0.539062 0.245833 0.540625 0.245833 0.550000 0.258333 0.550000 0.260417 0.578125 0.297917 0.579688 0.297917 0.590625 0.312500 0.592187 0.312500 0.596875 0.318750 0.598437 0.318750 0.603125 0.325000 0.604688 0.325000 0.606250 0.327083 0.606250 0.329167 0.625000 0.354167 0.626563 0.354167 0.628125 0.356250 0.629687 0.356250 0.631250 0.358333 0.632812 0.358333 0.643750 0.372917 0.645312 0.372917 0.654687 0.385417 0.654687 0.387500 0.656250 0.389583 0.656250 0.391667 0.662500 0.400000 0.662500 0.402083 0.687500 0.435417 0.689063 0.435417 0.700000 0.450000 0.701562 0.450000 0.712500 0.464583 0.714063 0.464583 0.721875 0.475000 0.723437 0.475000 0.728125 0.481250 0.729688 0.481250 0.731250 0.483333 0.732812 0.483333 0.734375 0.481250 0.740625 0.481250 0.742188 0.479167 0.743750 0.479167 0.745313 0.477083 0.746875 0.477083 0.753125 0.468750 0.754687 0.468750 0.759375 0.462500 0.759375 0.460417 0.760938 0.458333 0.760938 0.456250 0.762500 0.454167 0.762500 0.452083 0.760938 0.450000 0.760938 0.445833 0.759375 0.443750 0.759375 0.441667 0.756250 0.437500 0.756250 0.435417 0.750000 0.427083 0.750000 0.425000 0.743750 0.416667 0.742188 0.416667 0.715625 0.381250 0.715625 0.379167 0.710938 0.372917 0.710938 0.370833 0.690625 0.343750 0.689063 0.343750 0.682813 0.335417 0.681250 0.335417 0.673438 0.325000 0.671875 0.325000 0.660937 0.310417 0.659375 0.310417 0.653125 0.302083 0.653125 0.300000 0.651563 0.297917 0.650000 0.297917 0.646875 0.293750 0.646875 0.289583 0.640625 0.281250 0.639062 0.281250 0.628125 0.266667 0.626563 0.266667 0.606250 0.239583 0.606250 0.237500 0.600000 0.229167 0.598437 0.229167 0.589063 0.216667 0.587500 0.216667 0.585938 0.214583 0.585938 0.212500 0.575000 0.197917 0.575000 0.195833 0.573438 0.193750 0.571875 0.193750 0.565625 0.185417 0.564063 0.185417 0.562500 0.183333 0.562500 0.181250 0.553125 0.168750 0.551562 0.168750 0.545312 0.160417 0.545312 0.158333 0.543750 0.156250 0.542188 0.156250 0.539062 0.152083 0.539062 0.150000 0.537500 0.147917 0.537500 0.145833 0.534375 0.141667 0.534375 0.139583 0.528125 0.131250
2 0.679688 0.035417 0.678125 0.037500 0.675000 0.037500 0.673438 0.039583 0.668750 0.039583 0.665625 0.043750 0.665625 0.045833 0.667188 0.047917 0.660937 0.056250 0.660937 0.058333 0.659375 0.060417 0.659375 0.062500 0.657813 0.064583 0.657813 0.070833 0.656250 0.072917 0.656250 0.087500 0.657813 0.089583 0.657813 0.093750 0.659375 0.095833 0.659375 0.097917 0.660937 0.100000 0.660937 0.102083 0.664062 0.106250 0.664062 0.108333 0.665625 0.110417 0.665625 0.112500 0.668750 0.116667 0.668750 0.118750 0.675000 0.127083 0.675000 0.129167 0.676562 0.131250 0.676562 0.133333 0.679688 0.137500 0.679688 0.139583 0.682813 0.143750 0.682813 0.145833 0.685937 0.150000 0.685937 0.152083 0.689063 0.156250 0.689063 0.158333 0.690625 0.160417 0.690625 0.162500 0.695312 0.168750 0.695312 0.170833 0.696875 0.172917 0.696875 0.175000 0.700000 0.179167 0.700000 0.181250 0.701562 0.181250 0.703125 0.183333 0.703125 0.185417 0.704688 0.187500 0.704688 0.189583 0.707812 0.193750 0.707812 0.195833 0.710938 0.200000 0.710938 0.202083 0.714063 0.206250 0.714063 0.208333 0.720313 0.216667 0.720313 0.218750 0.723437 0.222917 0.723437 0.225000 0.726562 0.229167 0.726562 0.231250 0.729688 0.235417 0.729688 0.237500 0.732812 0.241667 0.732812 0.243750 0.737500 0.250000 0.737500 0.252083 0.740625 0.256250 0.740625 0.258333 0.745313 0.264583 0.745313 0.266667 0.750000 0.272917 0.750000 0.275000 0.753125 0.279167 0.753125 0.281250 0.759375 0.289583 0.759375 0.291667 0.760938 0.291667 0.762500 0.293750 0.762500 0.295833 0.764062 0.297917 0.765625 0.297917 0.767188 0.300000 0.770312 0.300000 0.771875 0.302083 0.778125 0.302083 0.779687 0.300000 0.785937 0.300000 0.787500 0.297917 0.787500 0.293750 0.784375 0.289583 0.785937 0.287500 0.789062 0.287500 0.790625 0.289583 0.795312 0.283333 0.796875 0.283333 0.800000 0.279167 0.801562 0.279167 0.801562 0.277083 0.800000 0.277083 0.798438 0.275000 0.798438 0.272917 0.796875 0.270833 0.800000 0.266667 0.800000 0.262500 0.798438 0.260417 0.798438 0.258333 0.795312 0.254167 0.795312 0.250000 0.793750 0.247917 0.793750 0.245833 0.792188 0.243750 0.792188 0.241667 0.790625 0.239583 0.790625 0.237500 0.789062 0.235417 0.789062 0.233333 0.787500 0.231250 0.787500 0.229167 0.784375 0.225000 0.784375 0.222917 0.782813 0.220833 0.782813 0.218750 0.779687 0.214583 0.779687 0.212500 0.778125 0.210417 0.778125 0.208333 0.776563 0.206250 0.776563 0.204167 0.775000 0.202083 0.775000 0.200000 0.771875 0.195833 0.771875 0.193750 0.767188 0.187500 0.767188 0.185417 0.762500 0.179167 0.762500 0.177083 0.757812 0.170833 0.757812 0.168750 0.753125 0.162500 0.753125 0.160417 0.751563 0.158333 0.751563 0.154167 0.748437 0.150000 0.748437 0.147917 0.746875 0.145833 0.746875 0.143750 0.743750 0.139583 0.743750 0.137500 0.742188 0.135417 0.742188 0.133333 0.737500 0.127083 0.737500 0.125000 0.735938 0.122917 0.735938 0.120833 0.732812 0.116667 0.732812 0.114583 0.731250 0.112500 0.731250 0.110417 0.723437 0.100000 0.723437 0.097917 0.720313 0.093750 0.720313 0.091667 0.717187 0.087500 0.717187 0.085417 0.712500 0.079167 0.712500 0.075000 0.709375 0.070833 0.709375 0.068750 0.704688 0.062500 0.704688 0.060417 0.700000 0.054167 0.700000 0.052083 0.696875 0.047917 0.696875 0.043750 0.690625 0.035417
3 0.467187 0.310417 0.464062 0.314583 0.464062 0.316667 0.462500 0.318750 0.462500 0.331250 0.464062 0.333333 0.464062 0.345833 0.465625 0.347917 0.465625 0.350000 0.468750 0.354167 0.468750 0.356250 0.470313 0.356250 0.478125 0.366667 0.479687 0.366667 0.489063 0.379167 0.490625 0.379167 0.495312 0.385417 0.496875 0.385417 0.501563 0.391667 0.503125 0.391667 0.506250 0.395833 0.507812 0.395833 0.510938 0.400000 0.512500 0.400000 0.523438 0.414583 0.525000 0.414583 0.529687 0.420833 0.531250 0.420833 0.535937 0.427083 0.537500 0.427083 0.542188 0.433333 0.543750 0.433333 0.550000 0.441667 0.551562 0.441667 0.557813 0.450000 0.559375 0.450000 0.562500 0.454167 0.562500 0.456250 0.565625 0.460417 0.567187 0.460417 0.570312 0.464583 0.571875 0.464583 0.576562 0.470833 0.576562 0.472917 0.579688 0.477083 0.584375 0.477083 0.585938 0.479167 0.587500 0.479167 0.590625 0.475000 0.590625 0.468750 0.560937 0.429167 0.559375 0.429167 0.557813 0.427083 0.557813 0.425000 0.556250 0.425000 0.548438 0.414583 0.548438 0.412500 0.546875 0.410417 0.546875 0.408333 0.545312 0.406250 0.545312 0.404167 0.543750 0.402083 0.543750 0.400000 0.540625 0.395833 0.540625 0.393750 0.537500 0.389583 0.537500 0.387500 0.525000 0.370833 0.525000 0.368750 0.504687 0.341667 0.504687 0.339583 0.503125 0.339583 0.493750 0.327083 0.492188 0.327083 0.484375 0.316667 0.482812 0.316667 0.479687 0.312500 0.478125 0.312500 0.476562 0.310417
4 0.404687 0.956250 0.403125 0.958333 0.400000 0.958333 0.398438 0.960417 0.396875 0.960417 0.393750 0.964583 0.392188 0.964583 0.390625 0.966667 0.389062 0.966667 0.387500 0.968750 0.382812 0.968750 0.381250 0.970833 0.379688 0.970833 0.376563 0.975000 0.376563 0.977083 0.375000 0.979167 0.375000 0.997917 0.401562 0.997917 0.401562 0.993750 0.400000 0.991667 0.400000 0.989583 0.398438 0.987500 0.398438 0.981250 0.406250 0.970833 0.407813 0.970833 0.409375 0.968750 0.417187 0.968750 0.418750 0.966667 0.460938 0.966667 0.462500 0.968750 0.470313 0.968750 0.471875 0.970833 0.475000 0.970833 0.478125 0.975000 0.478125 0.977083 0.475000 0.981250 0.473438 0.981250 0.471875 0.983333 0.467187 0.983333 0.465625 0.985417 0.460938 0.985417 0.459375 0.987500 0.451562 0.987500 0.450000 0.989583 0.446875 0.989583 0.445312 0.991667 0.440625 0.991667 0.439063 0.993750 0.434375 0.993750 0.432812 0.995833 0.428125 0.995833 0.426563 0.997917 0.479687 0.997917 0.481250 0.995833 0.485938 0.995833 0.487500 0.993750 0.493750 0.993750 0.495312 0.991667 0.498437 0.991667 0.500000 0.989583 0.504687 0.989583 0.506250 0.987500 0.510938 0.987500 0.512500 0.985417 0.514062 0.985417 0.515625 0.983333 0.523438 0.983333 0.525000 0.981250 0.531250 0.981250 0.532813 0.979167 0.542188 0.979167 0.543750 0.977083 0.548438 0.977083 0.550000 0.979167 0.554688 0.979167 0.556250 0.981250 0.557813 0.981250 0.565625 0.991667 0.567187 0.991667 0.568750 0.993750 0.576562 0.993750 0.579688 0.989583 0.581250 0.989583 0.582812 0.987500 0.582812 0.985417 0.584375 0.983333 0.584375 0.977083 0.582812 0.975000 0.582812 0.972917 0.578125 0.966667 0.573438 0.966667 0.571875 0.964583 0.570312 0.964583 0.568750 0.962500 0.565625 0.962500 0.564063 0.960417 0.562500 0.960417 0.560937 0.958333 0.559375 0.958333 0.557813 0.956250 0.543750 0.956250 0.542188 0.958333 0.495312 0.958333 0.493750 0.956250
1 0.196875 0.350000 0.195312 0.352083 0.195312 0.354167 0.193750 0.356250 0.193750 0.358333 0.192188 0.360417 0.192188 0.391667 0.200000 0.391667 0.200000 0.389583 0.201563 0.387500 0.203125 0.387500 0.203125 0.385417 0.204687 0.383333 0.204687 0.377083 0.206250 0.375000 0.206250 0.366667 0.204687 0.364583 0.204687 0.362500 0.201563 0.358333 0.201563 0.356250 0.200000 0.354167 0.200000 0.352083 0.198437 0.352083
1 0.218750 0.075000 0.218750 0.081250 0.220312 0.083333 0.218750 0.085417 0.218750 0.102083 0.217188 0.104167 0.217188 0.114583 0.215625 0.116667 0.215625 0.129167 0.214062 0.131250 0.214062 0.139583 0.212500 0.141667 0.212500 0.147917 0.210938 0.150000 0.210938 0.162500 0.209375 0.164583 0.209375 0.170833 0.207813 0.172917 0.207813 0.183333 0.206250 0.185417 0.206250 0.189583 0.204687 0.191667 0.204687 0.202083 0.203125 0.204167 0.203125 0.216667 0.201563 0.218750 0.201563 0.237500 0.200000 0.239583 0.200000 0.260417 0.201563 0.262500 0.198437 0.266667 0.198437 0.277083 0.196875 0.279167 0.196875 0.287500 0.198437 0.289583 0.198437 0.291667 0.200000 0.293750 0.203125 0.289583 0.209375 0.289583 0.210938 0.287500 0.225000 0.287500 0.226562 0.289583 0.228125 0.289583 0.232813 0.295833 0.234375 0.295833 0.235937 0.297917 0.235937 0.300000 0.250000 0.318750 0.250000 0.320833 0.251563 0.322917 0.251563 0.327083 0.253125 0.329167 0.253125 0.350000 0.251563 0.352083 0.251563 0.354167 0.253125 0.356250 0.253125 0.364583 0.254688 0.366667 0.254688 0.368750 0.256250 0.370833 0.256250 0.372917 0.257812 0.375000 0.257812 0.377083 0.259375 0.379167 0.259375 0.391667 0.257812 0.393750 0.257812 0.395833 0.256250 0.397917 0.256250 0.400000 0.253125 0.404167 0.253125 0.406250 0.245312 0.416667 0.245312 0.418750 0.243750 0.420833 0.242188 0.420833 0.240625 0.422917 0.240625 0.425000 0.237500 0.429167 0.237500 0.431250 0.232813 0.437500 0.232813 0.439583 0.231250 0.441667 0.231250 0.443750 0.229687 0.445833 0.229687 0.447917 0.228125 0.450000 0.228125 0.452083 0.225000 0.456250 0.225000 0.458333 0.218750 0.466667 0.215625 0.466667 0.212500 0.470833 0.209375 0.470833 0.207813 0.472917 0.206250 0.472917 0.204687 0.475000 0.200000 0.475000 0.196875 0.479167 0.195312 0.479167 0.193750 0.481250 0.190625 0.481250 0.189062 0.483333 0.184375 0.483333 0.182812 0.485417 0.176563 0.485417 0.176563 0.487500 0.175000 0.489583 0.173437 0.489583 0.173437 0.491667 0.171875 0.493750 0.171875 0.591667 0.168750 0.595833 0.168750 0.600000 0.167187 0.602083 0.167187 0.606250 0.165625 0.608333 0.165625 0.627083 0.168750 0.627083 0.170313 0.629167 0.170313 0.631250 0.171875 0.633333 0.171875 0.635417 0.173437 0.637500 0.173437 0.639583 0.175000 0.641667 0.175000 0.731250 0.176563 0.733333 0.176563 0.804167 0.178125 0.806250 0.176563 0.808333 0.178125 0.810417 0.178125 0.850000 0.179688 0.852083 0.179688 0.895833 0.181250 0.897917 0.181250 0.904167 0.179688 0.906250 0.179688 0.908333 0.181250 0.910417 0.181250 0.914583 0.182812 0.916667 0.215625 0.916667 0.217188 0.918750 0.217188 0.925000 0.218750 0.927083 0.218750 0.939583 0.220312 0.941667 0.220312 0.943750 0.221875 0.945833 0.265625 0.945833 0.267188 0.943750 0.301563 0.943750 0.303125 0.941667 0.334375 0.941667 0.335938 0.939583 0.346875 0.939583 0.348438 0.937500 0.357812 0.937500 0.359375 0.939583 0.360938 0.937500 0.365625 0.937500 0.368750 0.933333 0.368750 0.929167 0.370312 0.927083 0.370312 0.914583 0.371875 0.912500 0.371875 0.900000 0.373437 0.897917 0.373437 0.889583 0.375000 0.887500 0.375000 0.877083 0.376563 0.875000 0.376563 0.866667 0.378125 0.864583 0.378125 0.850000 0.379688 0.847917 0.379688 0.835417 0.381250 0.833333 0.381250 0.822917 0.382812 0.820833 0.382812 0.806250 0.384375 0.804167 0.384375 0.791667 0.385937 0.789583 0.385937 0.779167 0.387500 0.777083 0.387500 0.762500 0.389062 0.760417 0.389062 0.752083 0.390625 0.750000 0.390625 0.737500 0.392188 0.735417 0.392188 0.722917 0.393750 0.720833 0.393750 0.708333 0.395313 0.706250 0.395313 0.693750 0.396875 0.691667 0.396875 0.681250 0.398438 0.679167 0.398438 0.664583 0.400000 0.662500 0.400000 0.650000 0.401562 0.647917 0.401562 0.633333 0.403125 0.631250 0.403125 0.620833 0.404687 0.618750 0.404687 0.606250 0.406250 0.604167 0.406250 0.593750 0.407813 0.591667 0.407813 0.581250 0.409375 0.579167 0.409375 0.564583 0.410938 0.562500 0.410938 0.547917 0.412500 0.545833 0.412500 0.535417 0.414062 0.533333 0.414062 0.518750 0.415625 0.516667 0.415625 0.504167 0.417187 0.502083 0.417187 0.489583 0.418750 0.487500 0.418750 0.472917 0.420312 0.470833 0.420312 0.460417 0.421875 0.458333 0.421875 0.443750 0.423438 0.441667 0.423438 0.431250 0.425000 0.429167 0.425000 0.412500 0.426563 0.410417 0.426563 0.400000 0.428125 0.397917 0.428125 0.383333 0.429688 0.381250 0.429688 0.370833 0.431250 0.368750 0.431250 0.358333 0.432812 0.356250 0.432812 0.341667 0.434375 0.339583 0.434375 0.325000 0.435937 0.322917 0.435937 0.314583 0.437500 0.312500 0.437500 0.297917 0.439063 0.295833 0.439063 0.285417 0.440625 0.283333 0.440625 0.266667 0.442188 0.264583 0.442188 0.252083 0.443750 0.250000 0.443750 0.237500 0.445312 0.235417 0.445312 0.220833 0.446875 0.218750 0.446875 0.206250 0.448437 0.204167 0.448437 0.191667 0.450000 0.189583 0.450000 0.177083 0.451562 0.175000 0.451562 0.162500 0.453125 0.160417 0.453125 0.145833 0.454688 0.143750 0.454688 0.129167 0.456250 0.127083 0.456250 0.114583 0.454688 0.112500 0.454688 0.110417 0.451562 0.110417 0.450000 0.108333 0.439063 0.108333 0.437500 0.106250 0.426563 0.106250 0.425000 0.104167 0.412500 0.104167 0.410938 0.102083 0.400000 0.102083 0.398438 0.100000 0.387500 0.100000 0.385937 0.097917 0.376563 0.097917 0.375000 0.095833 0.362500 0.095833 0.360938 0.093750 0.351562 0.093750 0.350000 0.091667 0.337500 0.091667 0.335938 0.089583 0.323437 0.089583 0.321875 0.087500 0.310937 0.087500 0.309375 0.085417 0.296875 0.085417 0.295312 0.083333 0.285938 0.083333 0.284375 0.081250 0.273438 0.081250 0.271875 0.079167 0.262500 0.079167 0.260937 0.077083 0.243750 0.077083 0.242188 0.075000