0 0.550000 0.372917 0.548438 0.375000 0.546875 0.375000 0.543750 0.379167 0.543750 0.381250 0.540625 0.385417 0.540625 0.387500 0.539062 0.389583 0.539062 0.391667 0.537500 0.393750 0.537500 0.395833 0.535937 0.397917 0.535937 0.402083 0.534375 0.404167 0.534375 0.410417 0.531250 0.414583 0.531250 0.418750 0.528125 0.422917 0.528125 0.425000 0.526563 0.427083 0.526563 0.429167 0.525000 0.431250 0.525000 0.433333 0.523438 0.435417 0.523438 0.439583 0.520312 0.443750 0.520312 0.447917 0.518750 0.450000 0.518750 0.452083 0.517188 0.454167 0.517188 0.458333 0.514062 0.462500 0.514062 0.466667 0.512500 0.468750 0.510938 0.468750 0.510938 0.470833 0.509375 0.472917 0.509375 0.475000 0.506250 0.479167 0.506250 0.481250 0.503125 0.485417 0.503125 0.487500 0.498437 0.493750 0.498437 0.495833 0.493750 0.502083 0.493750 0.504167 0.489063 0.510417 0.489063 0.512500 0.487500 0.514583 0.485938 0.514583 0.484375 0.516667 0.484375 0.518750 0.482812 0.520833 0.482812 0.522917 0.475000 0.533333 0.473438 0.533333 0.470313 0.537500 0.464062 0.537500 0.462500 0.539583 0.459375 0.535417 0.459375 0.520833 0.460938 0.518750 0.460938 0.514583 0.462500 0.512500 0.462500 0.508333 0.464062 0.506250 0.464062 0.500000 0.465625 0.497917 0.465625 0.483333 0.467187 0.481250 0.465625 0.479167 0.465625 0.477083 0.467187 0.475000 0.467187 0.472917 0.465625 0.470833 0.465625 0.456250 0.464062 0.454167 0.464062 0.450000 0.462500 0.447917 0.462500 0.443750 0.460938 0.441667 0.460938 0.437500 0.459375 0.435417 0.459375 0.433333 0.456250 0.429167 0.456250 0.427083 0.450000 0.418750 0.440625 0.418750 0.437500 0.422917 0.439063 0.425000 0.439063 0.427083 0.437500 0.429167 0.437500 0.433333 0.439063 0.435417 0.439063 0.441667 0.440625 0.443750 0.440625 0.454167 0.442188 0.456250 0.442188 0.460417 0.440625 0.462500 0.440625 0.468750 0.439063 0.470833 0.439063 0.475000 0.437500 0.477083 0.437500 0.483333 0.435937 0.485417 0.435937 0.491667 0.434375 0.493750 0.434375 0.502083 0.432812 0.504167 0.432812 0.510417 0.431250 0.512500 0.431250 0.514583 0.429688 0.516667 0.429688 0.520833 0.428125 0.522917 0.428125 0.527083 0.426563 0.529167 0.426563 0.533333 0.425000 0.535417 0.425000 0.537500 0.423438 0.539583 0.423438 0.543750 0.420312 0.547917 0.420312 0.550000 0.418750 0.552083 0.418750 0.556250 0.417187 0.558333 0.417187 0.560417 0.415625 0.562500 0.415625 0.566667 0.414062 0.568750 0.414062 0.572917 0.412500 0.575000 0.412500 0.585417 0.410938 0.587500 0.410938 0.595833 0.409375 0.597917 0.409375 0.604167 0.407813 0.606250 0.407813 0.614583 0.406250 0.616667 0.406250 0.620833 0.404687 0.622917 0.404687 0.629167 0.403125 0.631250 0.403125 0.637500 0.401562 0.639583 0.401562 0.645833 0.400000 0.647917 0.400000 0.658333 0.398438 0.660417 0.398438 0.666667 0.396875 0.668750 0.396875 0.675000 0.395313 0.677083 0.395313 0.683333 0.393750 0.685417 0.393750 0.687500 0.392188 0.689583 0.392188 0.695833 0.390625 0.697917 0.390625 0.700000 0.389062 0.702083 0.389062 0.708333 0.387500 0.710417 0.387500 0.714583 0.385937 0.716667 0.385937 0.718750 0.384375 0.720833 0.384375 0.722917 0.382812 0.725000 0.382812 0.729167 0.381250 0.731250 0.381250 0.735417 0.379688 0.737500 0.379688 0.741667 0.378125 0.743750 0.378125 0.745833 0.376563 0.747917 0.376563 0.750000 0.375000 0.752083 0.375000 0.756250 0.373437 0.758333 0.373437 0.762500 0.371875 0.764583 0.371875 0.766667 0.370312 0.768750 0.370312 0.772917 0.368750 0.775000 0.368750 0.777083 0.367188 0.779167 0.367188 0.781250 0.365625 0.783333 0.365625 0.785417 0.364063 0.787500 0.364063 0.789583 0.362500 0.791667 0.362500 0.795833 0.360938 0.797917 0.360938 0.800000 0.359375 0.802083 0.359375 0.804167 0.357812 0.806250 0.357812 0.808333 0.356250 0.810417 0.356250 0.812500 0.354687 0.814583 0.354687 0.818750 0.353125 0.820833 0.353125 0.822917 0.351562 0.825000 0.351562 0.827083 0.350000 0.829167 0.350000 0.831250 0.348438 0.833333 0.348438 0.835417 0.346875 0.837500 0.346875 0.839583 0.345313 0.841667 0.345313 0.843750 0.343750 0.845833 0.343750 0.847917 0.342187 0.850000 0.342187 0.852083 0.340625 0.854167 0.340625 0.856250 0.339062 0.858333 0.339062 0.860417 0.335938 0.864583 0.335938 0.866667 0.334375 0.868750 0.334375 0.870833 0.332813 0.872917 0.332813 0.875000 0.331250 0.877083 0.331250 0.879167 0.328125 0.883333 0.328125 0.885417 0.318750 0.897917 0.318750 0.900000 0.315625 0.904167 0.314063 0.904167 0.310937 0.908333 0.310937 0.910417 0.285938 0.943750 0.285938 0.945833 0.278125 0.956250 0.278125 0.958333 0.270313 0.968750 0.270313 0.970833 0.265625 0.977083 0.265625 0.979167 0.260937 0.985417 0.260937 0.987500 0.259375 0.989583 0.259375 0.991667 0.257812 0.993750 0.257812 0.997917 0.390625 0.997917 0.395313 0.991667 0.395313 0.989583 0.396875 0.987500 0.396875 0.985417 0.398438 0.983333 0.398438 0.981250 0.400000 0.979167 0.400000 0.975000 0.401562 0.972917 0.401562 0.970833 0.403125 0.968750 0.403125 0.966667 0.404687 0.964583 0.404687 0.962500 0.406250 0.960417 0.406250 0.958333 0.407813 0.956250 0.407813 0.952083 0.409375 0.950000 0.409375 0.945833 0.410938 0.943750 0.410938 0.941667 0.412500 0.939583 0.412500 0.937500 0.414062 0.935417 0.414062 0.931250 0.415625 0.929167 0.415625 0.925000 0.417187 0.922917 0.417187 0.920833 0.418750 0.918750 0.418750 0.914583 0.421875 0.910417 0.421875 0.906250 0.423438 0.904167 0.423438 0.902083 0.425000 0.900000 0.425000 0.897917 0.426563 0.895833 0.426563 0.891667 0.429688 0.887500 0.429688 0.883333 0.431250 0.881250 0.431250 0.879167 0.432812 0.877083 0.432812 0.875000 0.434375 0.872917 0.434375 0.868750 0.435937 0.866667 0.435937 0.864583 0.437500 0.862500 0.437500 0.860417 0.439063 0.858333 0.439063 0.856250 0.440625 0.854167 0.440625 0.852083 0.442188 0.850000 0.442188 0.847917 0.443750 0.845833 0.443750 0.843750 0.445312 0.841667 0.445312 0.839583 0.446875 0.837500 0.446875 0.835417 0.450000 0.831250 0.450000 0.829167 0.453125 0.825000 0.453125 0.822917 0.454688 0.820833 0.454688 0.818750 0.457813 0.814583 0.457813 0.812500 0.459375 0.810417 0.459375 0.808333 0.462500 0.804167 0.462500 0.802083 0.464062 0.800000 0.464062 0.797917 0.465625 0.795833 0.465625 0.793750 0.467187 0.791667 0.467187 0.789583 0.468750 0.787500 0.468750 0.785417 0.470313 0.783333 0.470313 0.781250 0.471875 0.779167 0.471875 0.777083 0.473438 0.775000 0.473438 0.772917 0.476562 0.768750 0.476562 0.766667 0.479687 0.762500 0.479687 0.760417 0.485938 0.752083 0.485938 0.750000 0.487500 0.747917 0.489063 0.747917 0.495312 0.739583 0.496875 0.739583 0.501563 0.733333 0.503125 0.733333 0.507812 0.727083 0.509375 0.727083 0.517188 0.716667 0.518750 0.716667 0.520312 0.714583 0.520312 0.712500 0.551562 0.670833 0.553125 0.670833 0.554688 0.668750 0.554688 0.666667 0.557813 0.662500 0.557813 0.658333 0.559375 0.656250 0.559375 0.647917 0.560937 0.645833 0.560937 0.639583 0.562500 0.637500 0.560937 0.635417 0.562500 0.633333 0.562500 0.622917 0.564063 0.620833 0.564063 0.606250 0.565625 0.604167 0.565625 0.602083 0.568750 0.597917 0.568750 0.595833 0.573438 0.589583 0.573438 0.587500 0.576562 0.583333 0.578125 0.583333 0.578125 0.581250 0.582812 0.575000 0.582812 0.572917 0.585938 0.568750 0.585938 0.566667 0.587500 0.564583 0.587500 0.562500 0.589063 0.560417 0.589063 0.533333 0.598437 0.520833 0.598437 0.518750 0.601562 0.514583 0.601562 0.512500 0.603125 0.510417 0.603125 0.500000 0.604688 0.497917 0.604688 0.491667 0.606250 0.489583 0.604688 0.487500 0.604688 0.479167 0.603125 0.477083 0.603125 0.472917 0.598437 0.466667 0.596875 0.466667 0.593750 0.462500 0.592187 0.462500 0.590625 0.460417 0.584375 0.460417 0.582812 0.462500 0.582812 0.466667 0.581250 0.468750 0.581250 0.472917 0.578125 0.477083 0.578125 0.481250 0.573438 0.487500 0.573438 0.489583 0.557813 0.510417 0.556250 0.510417 0.550000 0.518750 0.548438 0.518750 0.546875 0.520833 0.545312 0.520833 0.543750 0.522917 0.542188 0.522917 0.540625 0.525000 0.532813 0.525000 0.531250 0.522917 0.531250 0.520833 0.529687 0.518750 0.529687 0.512500 0.528125 0.510417 0.529687 0.508333 0.529687 0.506250 0.531250 0.504167 0.531250 0.500000 0.532813 0.497917 0.534375 0.497917 0.534375 0.495833 0.535937 0.493750 0.537500 0.493750 0.537500 0.489583 0.539062 0.487500 0.539062 0.485417 0.540625 0.483333 0.542188 0.483333 0.543750 0.481250 0.543750 0.477083 0.546875 0.472917 0.545312 0.470833 0.550000 0.464583 0.550000 0.458333 0.551562 0.456250 0.551562 0.454167 0.553125 0.452083 0.553125 0.439583 0.556250 0.435417 0.557813 0.435417 0.559375 0.433333 0.559375 0.431250 0.562500 0.427083 0.562500 0.425000 0.567187 0.418750 0.567187 0.416667 0.570312 0.412500 0.570312 0.410417 0.571875 0.408333 0.571875 0.404167 0.573438 0.402083 0.573438 0.397917 0.575000 0.395833 0.573438 0.393750 0.573438 0.389583 0.575000 0.387500 0.573438 0.385417 0.573438 0.383333 0.571875 0.381250 0.571875 0.379167 0.570312 0.377083 0.568750 0.377083 0.567187 0.375000 0.565625 0.375000 0.564063 0.372917
0 0.093750 0.260417 0.092188 0.262500 0.079687 0.262500 0.078125 0.264583 0.073438 0.264583 0.071875 0.266667 0.064062 0.266667 0.062500 0.268750 0.057813 0.268750 0.056250 0.270833 0.048438 0.270833 0.046875 0.272917 0.040625 0.272917 0.039062 0.275000 0.029687 0.275000 0.028125 0.277083 0.017188 0.277083 0.015625 0.279167 0.007812 0.279167 0.006250 0.281250 0.000000 0.281250 0.000000 0.425000 0.001563 0.425000 0.003125 0.422917 0.009375 0.422917 0.010937 0.420833 0.014063 0.420833 0.015625 0.418750 0.018750 0.418750 0.020313 0.416667 0.026562 0.416667 0.028125 0.414583 0.031250 0.414583 0.032813 0.412500 0.035937 0.412500 0.037500 0.410417 0.039062 0.410417 0.040625 0.408333 0.043750 0.408333 0.045312 0.406250 0.046875 0.406250 0.048438 0.404167 0.051562 0.404167 0.053125 0.402083 0.054688 0.402083 0.056250 0.400000 0.057813 0.400000 0.059375 0.397917 0.060937 0.397917 0.062500 0.395833 0.064062 0.395833 0.065625 0.393750 0.067187 0.393750 0.068750 0.391667 0.068750 0.387500 0.070312 0.385417 0.070312 0.377083 0.071875 0.375000 0.071875 0.368750 0.073438 0.366667 0.073438 0.362500 0.075000 0.360417 0.075000 0.354167 0.076563 0.352083 0.076563 0.350000 0.078125 0.347917 0.078125 0.345833 0.079687 0.343750 0.079687 0.339583 0.081250 0.337500 0.081250 0.333333 0.082812 0.331250 0.082812 0.327083 0.084375 0.325000 0.084375 0.322917 0.085938 0.320833 0.085938 0.316667 0.087500 0.314583 0.087500 0.310417 0.089063 0.308333 0.089063 0.304167 0.090625 0.302083 0.090625 0.300000 0.092188 0.297917 0.092188 0.293750 0.093750 0.291667 0.093750 0.287500 0.095312 0.285417 0.095312 0.283333 0.096875 0.281250 0.096875 0.275000 0.098437 0.272917 0.098437 0.262500 0.096875 0.262500 0.095312 0.260417
0 0.246875 0.225000 0.245312 0.227083 0.239063 0.227083 0.237500 0.229167 0.235937 0.229167 0.234375 0.231250 0.228125 0.231250 0.226562 0.233333 0.223438 0.233333 0.221875 0.235417 0.214062 0.235417 0.209375 0.241667 0.209375 0.245833 0.207813 0.247917 0.207813 0.252083 0.206250 0.254167 0.206250 0.275000 0.204687 0.277083 0.204687 0.293750 0.203125 0.295833 0.203125 0.312500 0.204687 0.314583 0.212500 0.314583 0.214062 0.312500 0.217188 0.312500 0.218750 0.310417 0.220312 0.310417 0.221875 0.308333 0.223438 0.308333 0.225000 0.306250 0.229687 0.306250 0.231250 0.304167 0.232813 0.304167 0.234375 0.302083 0.235937 0.302083 0.237500 0.300000 0.240625 0.300000 0.242188 0.297917 0.246875 0.297917 0.248438 0.295833 0.251563 0.295833 0.253125 0.293750 0.254688 0.293750 0.256250 0.291667 0.260937 0.291667 0.262500 0.289583 0.265625 0.289583 0.267188 0.287500 0.270313 0.287500 0.271875 0.285417 0.273438 0.285417 0.275000 0.283333 0.278125 0.283333 0.281250 0.279167 0.281250 0.277083 0.279687 0.275000 0.279687 0.268750 0.278125 0.266667 0.278125 0.262500 0.276562 0.260417 0.276562 0.258333 0.271875 0.252083 0.271875 0.250000 0.268750 0.250000 0.267188 0.247917 0.265625 0.247917 0.256250 0.235417 0.256250 0.233333 0.253125 0.229167 0.253125 0.227083 0.251563 0.225000
0 0.410938 0.089583 0.409375 0.091667 0.407813 0.091667 0.406250 0.093750 0.404687 0.093750 0.403125 0.095833 0.401562 0.095833 0.398438 0.100000 0.395313 0.100000 0.392188 0.104167 0.387500 0.104167 0.385937 0.106250 0.384375 0.106250 0.381250 0.110417 0.379688 0.110417 0.378125 0.112500 0.371875 0.112500 0.370312 0.114583 0.368750 0.114583 0.367188 0.116667 0.364063 0.116667 0.362500 0.118750 0.359375 0.118750 0.357812 0.120833 0.353125 0.120833 0.351562 0.122917 0.348438 0.122917 0.346875 0.125000 0.345313 0.125000 0.343750 0.127083 0.340625 0.127083 0.339062 0.129167 0.337500 0.129167 0.335938 0.131250 0.335938 0.133333 0.334375 0.135417 0.334375 0.137500 0.332813 0.139583 0.331250 0.139583 0.329688 0.141667 0.329688 0.143750 0.328125 0.145833 0.328125 0.147917 0.326562 0.150000 0.325000 0.150000 0.325000 0.152083 0.323437 0.154167 0.323437 0.158333 0.318750 0.164583 0.318750 0.166667 0.317188 0.168750 0.317188 0.170833 0.315625 0.172917 0.315625 0.175000 0.314063 0.177083 0.314063 0.179167 0.310937 0.183333 0.310937 0.185417 0.309375 0.187500 0.309375 0.191667 0.307812 0.193750 0.307812 0.200000 0.306250 0.202083 0.306250 0.208333 0.307812 0.210417 0.307812 0.222917 0.306250 0.225000 0.306250 0.231250 0.304688 0.233333 0.304688 0.252083 0.306250 0.254167 0.306250 0.258333 0.309375 0.262500 0.309375 0.266667 0.312500 0.266667 0.314063 0.268750 0.317188 0.268750 0.318750 0.266667 0.321875 0.266667 0.323437 0.264583 0.325000 0.264583 0.326562 0.262500 0.329688 0.262500 0.331250 0.260417 0.334375 0.260417 0.335938 0.258333 0.340625 0.258333 0.342187 0.256250 0.345313 0.256250 0.346875 0.254167 0.351562 0.254167 0.353125 0.252083 0.356250 0.252083 0.357812 0.250000 0.360938 0.250000 0.362500 0.247917 0.365625 0.247917 0.367188 0.245833 0.370312 0.245833 0.371875 0.243750 0.373437 0.243750 0.375000 0.241667 0.379688 0.241667 0.381250 0.239583 0.382812 0.239583 0.384375 0.237500 0.387500 0.237500 0.389062 0.235417 0.393750 0.235417 0.398438 0.229167 0.398438 0.212500 0.396875 0.210417 0.396875 0.208333 0.395313 0.206250 0.395313 0.204167 0.393750 0.202083 0.392188 0.202083 0.387500 0.195833 0.387500 0.193750 0.385937 0.191667 0.385937 0.185417 0.389062 0.181250 0.387500 0.179167 0.387500 0.177083 0.392188 0.170833 0.392188 0.168750 0.400000 0.158333 0.401562 0.158333 0.404687 0.154167 0.406250 0.154167 0.407813 0.152083 0.409375 0.152083 0.410938 0.150000 0.414062 0.150000 0.415625 0.147917 0.418750 0.147917 0.420312 0.145833 0.425000 0.145833 0.426563 0.143750 0.439063 0.143750 0.440625 0.145833 0.448437 0.145833 0.450000 0.143750 0.454688 0.143750 0.456250 0.141667 0.457813 0.141667 0.457813 0.131250 0.456250 0.129167 0.456250 0.120833 0.454688 0.118750 0.454688 0.110417 0.450000 0.110417 0.448437 0.108333 0.445312 0.108333 0.443750 0.106250 0.440625 0.106250 0.439063 0.104167 0.437500 0.104167 0.435937 0.102083 0.432812 0.102083 0.431250 0.100000 0.429688 0.100000 0.428125 0.097917 0.426563 0.097917 0.425000 0.095833 0.423438 0.095833 0.420312 0.091667 0.418750 0.091667 0.417187 0.089583
2 0.203125 0.916667 0.201563 0.918750 0.187500 0.918750 0.185938 0.920833 0.179688 0.920833 0.178125 0.922917 0.178125 0.929167 0.176563 0.931250 0.176563 0.952083 0.175000 0.954167 0.175000 0.972917 0.173437 0.975000 0.173437 0.997917 0.214062 0.997917 0.214062 0.995833 0.215625 0.993750 0.215625 0.975000 0.217188 0.972917 0.217188 0.952083 0.215625 0.950000 0.215625 0.947917 0.217188 0.945833 0.217188 0.922917 0.215625 0.920833 0.215625 0.918750 0.214062 0.918750 0.212500 0.916667
2 0.162500 0.072917 0.160938 0.075000 0.159375 0.075000 0.159375 0.077083 0.157812 0.079167 0.157812 0.081250 0.156250 0.083333 0.156250 0.085417 0.154688 0.087500 0.154688 0.093750 0.153125 0.095833 0.153125 0.100000 0.151562 0.102083 0.151562 0.104167 0.150000 0.106250 0.150000 0.112500 0.148438 0.114583 0.148438 0.118750 0.146875 0.120833 0.146875 0.127083 0.145313 0.129167 0.145313 0.131250 0.143750 0.133333 0.143750 0.137500 0.142187 0.139583 0.142187 0.141667 0.140625 0.143750 0.140625 0.145833 0.139063 0.147917 0.139063 0.152083 0.137500 0.154167 0.137500 0.160417 0.135937 0.162500 0.135937 0.166667 0.134375 0.168750 0.134375 0.172917 0.132812 0.175000 0.132812 0.177083 0.131250 0.179167 0.131250 0.181250 0.129688 0.183333 0.129688 0.187500 0.128125 0.189583 0.128125 0.193750 0.126562 0.195833 0.126562 0.197917 0.125000 0.200000 0.125000 0.204167 0.123438 0.206250 0.123438 0.208333 0.121875 0.210417 0.121875 0.212500 0.120313 0.214583 0.120313 0.218750 0.118750 0.220833 0.118750 0.222917 0.117188 0.225000 0.117188 0.229167 0.115625 0.231250 0.115625 0.233333 0.114062 0.235417 0.114062 0.239583 0.112500 0.241667 0.112500 0.243750 0.110937 0.245833 0.110937 0.247917 0.109375 0.250000 0.109375 0.252083 0.104688 0.258333 0.104688 0.262500 0.103125 0.264583 0.103125 0.266667 0.101562 0.268750 0.101562 0.272917 0.100000 0.275000 0.100000 0.279167 0.098437 0.281250 0.098437 0.285417 0.096875 0.287500 0.096875 0.289583 0.095312 0.291667 0.095312 0.297917 0.093750 0.300000 0.093750 0.302083 0.092188 0.304167 0.092188 0.308333 0.090625 0.310417 0.090625 0.312500 0.089063 0.314583 0.089063 0.318750 0.087500 0.320833 0.087500 0.322917 0.085938 0.325000 0.085938 0.329167 0.084375 0.331250 0.084375 0.333333 0.082812 0.335417 0.082812 0.339583 0.081250 0.341667 0.081250 0.345833 0.079687 0.347917 0.079687 0.352083 0.078125 0.354167 0.078125 0.358333 0.076563 0.360417 0.076563 0.364583 0.075000 0.366667 0.075000 0.372917 0.073438 0.375000 0.073438 0.406250 0.075000 0.408333 0.075000 0.431250 0.076563 0.433333 0.076563 0.454167 0.078125 0.456250 0.078125 0.470833 0.079687 0.472917 0.079687 0.481250 0.081250 0.483333 0.082812 0.483333 0.084375 0.485417 0.137500 0.485417 0.139063 0.487500 0.170313 0.487500 0.171875 0.485417 0.175000 0.485417 0.178125 0.481250 0.178125 0.472917 0.179688 0.470833 0.179688 0.468750 0.178125 0.466667 0.178125 0.464583 0.179688 0.462500 0.179688 0.422917 0.181250 0.420833 0.181250 0.416667 0.182812 0.414583 0.182812 0.404167 0.184375 0.402083 0.184375 0.393750 0.185938 0.391667 0.184375 0.389583 0.184375 0.387500 0.185938 0.385417 0.185938 0.379167 0.187500 0.377083 0.187500 0.364583 0.189062 0.362500 0.189062 0.352083 0.190625 0.350000 0.190625 0.337500 0.192188 0.335417 0.192188 0.331250 0.193750 0.329167 0.193750 0.320833 0.195312 0.318750 0.195312 0.316667 0.196875 0.314583 0.196875 0.308333 0.198437 0.306250 0.198437 0.295833 0.200000 0.293750 0.200000 0.258333 0.201563 0.256250 0.201563 0.233333 0.203125 0.231250 0.203125 0.210417 0.204687 0.208333 0.204687 0.195833 0.206250 0.193750 0.206250 0.179167 0.207813 0.177083 0.207813 0.164583 0.209375 0.162500 0.209375 0.152083 0.210938 0.150000 0.210938 0.139583 0.212500 0.137500 0.212500 0.127083 0.214062 0.125000 0.214062 0.114583 0.215625 0.112500 0.215625 0.097917 0.217188 0.095833 0.217188 0.083333 0.215625 0.081250 0.214062 0.081250 0.212500 0.079167 0.209375 0.079167 0.207813 0.077083 0.196875 0.077083 0.195312 0.075000 0.179688 0.075000 0.178125 0.072917
2 0.554688 0.466667 0.553125 0.468750 0.551562 0.468750 0.548438 0.472917 0.548438 0.477083 0.546875 0.479167 0.546875 0.481250 0.545312 0.483333 0.543750 0.483333 0.542188 0.485417 0.542188 0.487500 0.540625 0.489583 0.540625 0.493750 0.539062 0.495833 0.539062 0.497917 0.537500 0.500000 0.535937 0.500000 0.532813 0.504167 0.532813 0.510417 0.531250 0.512500 0.531250 0.516667 0.532813 0.518750 0.532813 0.520833 0.534375 0.520833 0.535937 0.518750 0.539062 0.518750 0.542188 0.514583 0.542188 0.512500 0.543750 0.510417 0.545312 0.510417 0.545312 0.508333 0.548438 0.504167 0.548438 0.502083 0.551562 0.497917 0.551562 0.495833 0.554688 0.491667 0.554688 0.489583 0.556250 0.487500 0.556250 0.485417 0.557813 0.483333 0.557813 0.481250 0.559375 0.479167 0.559375 0.472917 0.560937 0.470833 0.557813 0.466667
2 0.457813 0.147917 0.456250 0.150000 0.437500 0.150000 0.435937 0.152083 0.432812 0.152083 0.431250 0.150000 0.429688 0.152083 0.425000 0.152083 0.423438 0.154167 0.418750 0.154167 0.417187 0.156250 0.412500 0.156250 0.410938 0.158333 0.407813 0.158333 0.407813 0.160417 0.406250 0.162500 0.403125 0.162500 0.401562 0.164583 0.400000 0.164583 0.400000 0.168750 0.396875 0.172917 0.396875 0.181250 0.398438 0.183333 0.398438 0.189583 0.400000 0.191667 0.400000 0.193750 0.398438 0.195833 0.401562 0.200000 0.401562 0.206250 0.403125 0.208333 0.403125 0.222917 0.404687 0.225000 0.404687 0.231250 0.406250 0.233333 0.406250 0.237500 0.407813 0.239583 0.406250 0.241667 0.407813 0.243750 0.407813 0.250000 0.409375 0.252083 0.409375 0.262500 0.410938 0.264583 0.410938 0.270833 0.412500 0.272917 0.412500 0.281250 0.414062 0.283333 0.414062 0.291667 0.415625 0.293750 0.415625 0.297917 0.417187 0.300000 0.417187 0.306250 0.418750 0.308333 0.418750 0.316667 0.420312 0.318750 0.420312 0.325000 0.421875 0.327083 0.421875 0.337500 0.423438 0.339583 0.423438 0.345833 0.425000 0.347917 0.425000 0.356250 0.426563 0.358333 0.426563 0.364583 0.428125 0.366667 0.428125 0.375000 0.429688 0.377083 0.429688 0.385417 0.431250 0.387500 0.431250 0.393750 0.432812 0.395833 0.432812 0.400000 0.434375 0.402083 0.434375 0.406250 0.439063 0.412500 0.450000 0.412500 0.460938 0.427083 0.460938 0.431250 0.464062 0.435417 0.464062 0.437500 0.465625 0.439583 0.465625 0.443750 0.467187 0.445833 0.467187 0.452083 0.468750 0.454167 0.468750 0.458333 0.470313 0.460417 0.470313 0.466667 0.471875 0.468750 0.471875 0.470833 0.470313 0.472917 0.470313 0.485417 0.468750 0.487500 0.468750 0.500000 0.467187 0.502083 0.467187 0.506250 0.465625 0.508333 0.465625 0.514583 0.464062 0.516667 0.464062 0.520833 0.462500 0.522917 0.462500 0.531250 0.470313 0.531250 0.471875 0.529167 0.473438 0.529167 0.482812 0.516667 0.482812 0.514583 0.489063 0.506250 0.489063 0.504167 0.493750 0.497917 0.493750 0.495833 0.496875 0.491667 0.496875 0.489583 0.504687 0.479167 0.504687 0.477083 0.506250 0.475000 0.506250 0.472917 0.510938 0.466667 0.510938 0.464583 0.512500 0.462500 0.512500 0.460417 0.514062 0.458333 0.514062 0.450000 0.515625 0.447917 0.515625 0.443750 0.518750 0.439583 0.518750 0.437500 0.520312 0.435417 0.520312 0.433333 0.521875 0.431250 0.521875 0.429167 0.523438 0.427083 0.523438 0.425000 0.525000 0.422917 0.525000 0.420833 0.526563 0.418750 0.526563 0.414583 0.528125 0.412500 0.528125 0.410417 0.529687 0.408333 0.529687 0.406250 0.531250 0.404167 0.531250 0.397917 0.532813 0.395833 0.532813 0.393750 0.534375 0.391667 0.532813 0.389583 0.532813 0.381250 0.531250 0.379167 0.531250 0.372917 0.529687 0.370833 0.529687 0.368750 0.528125 0.366667 0.528125 0.362500 0.526563 0.360417 0.526563 0.358333 0.525000 0.356250 0.525000 0.354167 0.523438 0.352083 0.523438 0.350000 0.521875 0.347917 0.521875 0.341667 0.520312 0.339583 0.520312 0.337500 0.518750 0.335417 0.518750 0.333333 0.517188 0.331250 0.517188 0.325000 0.515625 0.322917 0.515625 0.320833 0.514062 0.318750 0.514062 0.314583 0.512500 0.312500 0.512500 0.308333 0.510938 0.306250 0.510938 0.304167 0.509375 0.302083 0.509375 0.297917 0.507812 0.295833 0.507812 0.291667 0.506250 0.289583 0.506250 0.287500 0.504687 0.285417 0.504687 0.279167 0.503125 0.277083 0.503125 0.275000 0.501563 0.272917 0.501563 0.270833 0.500000 0.268750 0.500000 0.262500 0.496875 0.258333 0.496875 0.254167 0.493750 0.250000 0.493750 0.245833 0.492188 0.243750 0.492188 0.241667 0.490625 0.239583 0.490625 0.235417 0.489063 0.233333 0.489063 0.229167 0.487500 0.227083 0.487500 0.225000 0.485938 0.222917 0.485938 0.214583 0.484375 0.212500 0.484375 0.210417 0.482812 0.208333 0.482812 0.206250 0.481250 0.204167 0.481250 0.200000 0.479687 0.197917 0.479687 0.195833 0.476562 0.191667 0.476562 0.185417 0.475000 0.183333 0.475000 0.181250 0.473438 0.179167 0.473438 0.175000 0.471875 0.172917 0.471875 0.168750 0.470313 0.166667 0.470313 0.162500 0.467187 0.158333 0.467187 0.152083 0.464062 0.147917
2 0.678125 0.033333 0.676562 0.035417 0.673438 0.035417 0.667188 0.043750 0.667188 0.047917 0.664062 0.052083 0.664062 0.054167 0.660937 0.058333 0.660937 0.060417 0.659375 0.062500 0.657813 0.062500 0.657813 0.066667 0.656250 0.068750 0.656250 0.089583 0.657813 0.091667 0.657813 0.097917 0.660937 0.102083 0.660937 0.104167 0.664062 0.108333 0.664062 0.110417 0.665625 0.112500 0.665625 0.114583 0.671875 0.122917 0.671875 0.125000 0.675000 0.129167 0.675000 0.131250 0.678125 0.135417 0.678125 0.137500 0.681250 0.141667 0.681250 0.143750 0.684375 0.147917 0.684375 0.150000 0.687500 0.154167 0.687500 0.156250 0.689063 0.158333 0.689063 0.160417 0.693750 0.166667 0.693750 0.168750 0.695312 0.170833 0.695312 0.172917 0.698438 0.177083 0.698438 0.179167 0.703125 0.185417 0.703125 0.187500 0.704688 0.189583 0.704688 0.191667 0.707812 0.195833 0.707812 0.197917 0.712500 0.204167 0.712500 0.206250 0.714063 0.208333 0.714063 0.210417 0.720313 0.218750 0.720313 0.220833 0.725000 0.227083 0.725000 0.229167 0.728125 0.233333 0.728125 0.235417 0.731250 0.239583 0.731250 0.241667 0.737500 0.250000 0.737500 0.252083 0.740625 0.256250 0.740625 0.258333 0.743750 0.262500 0.743750 0.264583 0.745313 0.264583 0.746875 0.266667 0.746875 0.268750 0.748437 0.270833 0.748437 0.272917 0.751563 0.277083 0.751563 0.279167 0.754687 0.283333 0.756250 0.283333 0.757812 0.285417 0.757812 0.287500 0.760938 0.291667 0.768750 0.291667 0.770312 0.293750 0.767188 0.297917 0.775000 0.297917 0.773438 0.297917 0.771875 0.295833 0.771875 0.293750 0.773438 0.291667 0.775000 0.291667 0.776563 0.289583 0.782813 0.289583 0.784375 0.287500 0.789062 0.287500 0.790625 0.285417 0.792188 0.285417 0.795312 0.281250 0.796875 0.281250 0.798438 0.279167 0.800000 0.279167 0.800000 0.277083 0.798438 0.275000 0.798438 0.270833 0.800000 0.268750 0.800000 0.262500 0.798438 0.260417 0.798438 0.258333 0.795312 0.254167 0.795312 0.250000 0.793750 0.247917 0.793750 0.245833 0.792188 0.243750 0.792188 0.241667 0.790625 0.239583 0.790625 0.237500 0.787500 0.233333 0.787500 0.231250 0.785937 0.229167 0.785937 0.227083 0.782813 0.222917 0.782813 0.220833 0.781250 0.218750 0.781250 0.216667 0.779687 0.214583 0.779687 0.212500 0.776563 0.208333 0.776563 0.206250 0.775000 0.204167 0.775000 0.202083 0.773438 0.200000 0.773438 0.197917 0.771875 0.195833 0.771875 0.193750 0.767188 0.187500 0.767188 0.185417 0.762500 0.179167 0.762500 0.177083 0.759375 0.172917 0.759375 0.170833 0.756250 0.166667 0.756250 0.164583 0.751563 0.158333 0.751563 0.156250 0.750000 0.154167 0.750000 0.152083 0.748437 0.150000 0.748437 0.147917 0.746875 0.145833 0.746875 0.143750 0.745313 0.141667 0.745313 0.139583 0.743750 0.137500 0.743750 0.135417 0.737500 0.127083 0.737500 0.125000 0.734375 0.120833 0.734375 0.118750 0.731250 0.114583 0.731250 0.110417 0.723437 0.100000 0.723437 0.097917 0.720313 0.093750 0.720313 0.091667 0.718750 0.089583 0.718750 0.087500 0.715625 0.083333 0.715625 0.081250 0.712500 0.077083 0.712500 0.075000 0.710938 0.072917 0.710938 0.070833 0.706250 0.064583 0.706250 0.062500 0.704688 0.060417 0.704688 0.058333 0.696875 0.047917 0.698438 0.045833 0.698438 0.043750 0.692187 0.035417 0.690625 0.035417 0.689063 0.033333
3 0.559375 0.435417 0.557813 0.437500 0.556250 0.437500 0.554688 0.439583 0.554688 0.441667 0.556250 0.443750 0.556250 0.447917 0.557813 0.450000 0.557813 0.452083 0.559375 0.454167 0.559375 0.456250 0.560937 0.456250 0.562500 0.458333 0.564063 0.458333 0.567187 0.462500 0.568750 0.462500 0.571875 0.466667 0.573438 0.466667 0.575000 0.468750 0.579688 0.468750 0.579688 0.466667 0.581250 0.464583 0.579688 0.462500 0.579688 0.458333 0.575000 0.452083 0.575000 0.450000 0.571875 0.445833 0.570312 0.445833 0.564063 0.437500 0.562500 0.437500 0.560937 0.435417
4 0.428125 0.956250 0.426563 0.958333 0.417187 0.958333 0.415625 0.960417 0.412500 0.960417 0.410938 0.962500 0.410938 0.964583 0.417187 0.964583 0.418750 0.966667 0.420312 0.966667 0.421875 0.964583 0.423438 0.964583 0.425000 0.966667 0.460938 0.966667 0.462500 0.968750 0.467187 0.968750 0.468750 0.970833 0.470313 0.970833 0.475000 0.977083 0.470313 0.983333 0.465625 0.983333 0.464062 0.985417 0.459375 0.985417 0.457813 0.987500 0.450000 0.987500 0.448437 0.989583 0.446875 0.989583 0.445312 0.991667 0.439063 0.991667 0.437500 0.993750 0.435937 0.993750 0.434375 0.995833 0.432812 0.995833 0.431250 0.997917 0.429688 0.997917 0.479687 0.997917 0.481250 0.995833 0.485938 0.995833 0.487500 0.993750 0.495312 0.993750 0.496875 0.991667 0.500000 0.991667 0.501563 0.989583 0.506250 0.989583 0.507812 0.987500 0.512500 0.987500 0.514062 0.985417 0.515625 0.985417 0.517188 0.983333 0.525000 0.983333 0.526563 0.981250 0.531250 0.981250 0.532813 0.979167 0.553125 0.979167 0.554688 0.981250 0.557813 0.981250 0.564063 0.989583 0.564063 0.991667 0.565625 0.991667 0.567187 0.993750 0.575000 0.993750 0.576562 0.991667 0.578125 0.991667 0.582812 0.985417 0.582812 0.983333 0.584375 0.981250 0.584375 0.977083 0.582812 0.975000 0.582812 0.972917 0.578125 0.966667 0.575000 0.966667 0.573438 0.964583 0.570312 0.964583 0.568750 0.962500 0.567187 0.962500 0.565625 0.960417 0.564063 0.960417 0.562500 0.958333 0.559375 0.958333 0.557813 0.956250 0.545312 0.956250 0.543750 0.958333 0.435937 0.958333 0.434375 0.956250
1 0.393750 0.239583 0.392188 0.241667 0.389062 0.241667 0.387500 0.243750 0.384375 0.243750 0.382812 0.245833 0.378125 0.245833 0.376563 0.247917 0.373437 0.247917 0.371875 0.250000 0.370312 0.250000 0.368750 0.252083 0.367188 0.252083 0.365625 0.254167 0.362500 0.254167 0.360938 0.256250 0.356250 0.256250 0.354687 0.258333 0.350000 0.258333 0.348438 0.260417 0.345313 0.260417 0.343750 0.262500 0.340625 0.262500 0.339062 0.264583 0.335938 0.264583 0.334375 0.266667 0.331250 0.266667 0.329688 0.268750 0.328125 0.268750 0.326562 0.270833 0.325000 0.270833 0.323437 0.272917 0.320312 0.272917 0.318750 0.275000 0.317188 0.275000 0.312500 0.281250 0.309375 0.281250 0.307812 0.283333 0.306250 0.283333 0.304688 0.285417 0.301563 0.285417 0.300000 0.287500 0.296875 0.287500 0.295312 0.289583 0.292187 0.289583 0.290625 0.291667 0.278125 0.291667 0.276562 0.293750 0.271875 0.293750 0.270313 0.295833 0.264062 0.295833 0.262500 0.297917 0.259375 0.297917 0.257812 0.300000 0.254688 0.300000 0.253125 0.302083 0.250000 0.302083 0.248438 0.304167 0.245312 0.304167 0.243750 0.306250 0.240625 0.306250 0.239063 0.308333 0.235937 0.308333 0.234375 0.310417 0.231250 0.310417 0.229687 0.312500 0.225000 0.312500 0.223438 0.314583 0.220312 0.314583 0.218750 0.316667 0.217188 0.316667 0.215625 0.318750 0.212500 0.318750 0.210938 0.320833 0.209375 0.320833 0.207813 0.322917 0.206250 0.322917 0.204687 0.325000 0.203125 0.325000 0.200000 0.329167 0.200000 0.333333 0.198437 0.335417 0.198437 0.345833 0.196875 0.347917 0.196875 0.354167 0.195312 0.356250 0.195312 0.362500 0.193750 0.364583 0.193750 0.377083 0.192188 0.379167 0.192188 0.387500 0.190625 0.389583 0.190625 0.400000 0.189062 0.402083 0.189062 0.412500 0.187500 0.414583 0.187500 0.418750 0.185938 0.420833 0.185938 0.435417 0.184375 0.437500 0.184375 0.450000 0.181250 0.454167 0.181250 0.481250 0.171875 0.493750 0.171875 0.591667 0.170313 0.593750 0.170313 0.595833 0.168750 0.597917 0.168750 0.600000 0.167187 0.602083 0.167187 0.606250 0.165625 0.608333 0.165625 0.625000 0.167187 0.627083 0.168750 0.627083 0.170313 0.629167 0.170313 0.631250 0.171875 0.633333 0.171875 0.635417 0.173437 0.637500 0.173437 0.662500 0.175000 0.664583 0.175000 0.739583 0.176563 0.741667 0.176563 0.810417 0.178125 0.812500 0.178125 0.866667 0.179688 0.868750 0.179688 0.908333 0.181250 0.910417 0.181250 0.914583 0.182812 0.914583 0.184375 0.916667 0.206250 0.916667 0.207813 0.914583 0.210938 0.914583 0.212500 0.916667 0.215625 0.916667 0.217188 0.918750 0.217188 0.922917 0.218750 0.925000 0.218750 0.931250 0.220312 0.933333 0.220312 0.935417 0.218750 0.937500 0.220312 0.939583 0.220312 0.941667 0.223438 0.945833 0.271875 0.945833 0.273438 0.943750 0.275000 0.943750 0.276562 0.945833 0.278125 0.945833 0.279687 0.943750 0.281250 0.943750 0.282813 0.941667 0.284375 0.941667 0.287500 0.937500 0.287500 0.935417 0.296875 0.922917 0.298438 0.922917 0.301563 0.918750 0.301563 0.916667 0.310937 0.904167 0.312500 0.904167 0.312500 0.902083 0.321875 0.889583 0.321875 0.887500 0.328125 0.879167 0.328125 0.877083 0.329688 0.875000 0.329688 0.872917 0.331250 0.870833 0.331250 0.868750 0.332813 0.866667 0.332813 0.864583 0.334375 0.862500 0.334375 0.860417 0.335938 0.858333 0.335938 0.856250 0.339062 0.852083 0.339062 0.850000 0.340625 0.847917 0.340625 0.845833 0.342187 0.843750 0.342187 0.841667 0.343750 0.839583 0.343750 0.837500 0.345313 0.835417 0.345313 0.833333 0.346875 0.831250 0.346875 0.829167 0.348438 0.827083 0.348438 0.825000 0.350000 0.822917 0.350000 0.820833 0.351562 0.818750 0.351562 0.814583 0.353125 0.812500 0.353125 0.810417 0.354687 0.808333 0.354687 0.806250 0.356250 0.804167 0.356250 0.800000 0.359375 0.795833 0.359375 0.791667 0.360938 0.789583 0.360938 0.787500 0.362500 0.785417 0.362500 0.783333 0.364063 0.781250 0.364063 0.777083 0.365625 0.775000 0.365625 0.772917 0.367188 0.770833 0.367188 0.768750 0.368750 0.766667 0.368750 0.762500 0.370312 0.760417 0.370312 0.756250 0.371875 0.754167 0.371875 0.752083 0.373437 0.750000 0.373437 0.747917 0.375000 0.745833 0.375000 0.741667 0.376563 0.739583 0.376563 0.735417 0.378125 0.733333 0.378125 0.729167 0.379688 0.727083 0.379688 0.725000 0.381250 0.722917 0.381250 0.720833 0.382812 0.718750 0.382812 0.712500 0.384375 0.710417 0.384375 0.708333 0.385937 0.706250 0.385937 0.702083 0.387500 0.700000 0.387500 0.695833 0.389062 0.693750 0.389062 0.689583 0.390625 0.687500 0.390625 0.681250 0.392188 0.679167 0.392188 0.675000 0.393750 0.672917 0.393750 0.666667 0.395313 0.664583 0.395313 0.650000 0.396875 0.647917 0.396875 0.641667 0.398438 0.639583 0.398438 0.631250 0.400000 0.629167 0.400000 0.622917 0.401562 0.620833 0.401562 0.614583 0.403125 0.612500 0.403125 0.608333 0.404687 0.606250 0.404687 0.600000 0.406250 0.597917 0.406250 0.587500 0.407813 0.585417 0.407813 0.572917 0.409375 0.570833 0.409375 0.560417 0.410938 0.558333 0.410938 0.545833 0.412500 0.543750 0.412500 0.531250 0.414062 0.529167 0.414062 0.514583 0.415625 0.512500 0.415625 0.500000 0.417187 0.497917 0.417187 0.485417 0.418750 0.483333 0.418750 0.470833 0.420312 0.468750 0.420312 0.458333 0.421875 0.456250 0.421875 0.443750 0.423438 0.441667 0.423438 0.429167 0.425000 0.427083 0.425000 0.414583 0.426563 0.412500 0.426563 0.397917 0.428125 0.395833 0.428125 0.385417 0.426563 0.383333 0.426563 0.372917 0.425000 0.370833 0.425000 0.362500 0.423438 0.360417 0.423438 0.352083 0.421875 0.350000 0.421875 0.343750 0.420312 0.341667 0.420312 0.333333 0.418750 0.331250 0.418750 0.325000 0.417187 0.322917 0.417187 0.314583 0.415625 0.312500 0.415625 0.306250 0.414062 0.304167 0.414062 0.295833 0.412500 0.293750 0.412500 0.287500 0.410938 0.285417 0.410938 0.279167 0.409375 0.277083 0.409375 0.268750 0.407813 0.266667 0.407813 0.258333 0.406250 0.256250 0.406250 0.250000 0.404687 0.247917 0.404687 0.241667 0.403125 0.239583
1 0.165625 0.066667 0.168750 0.070833 0.182812 0.070833 0.184375 0.072917 0.190625 0.072917 0.192188 0.070833 0.195312 0.075000 0.210938 0.075000 0.212500 0.077083 0.214062 0.077083 0.218750 0.083333 0.218750 0.118750 0.217188 0.120833 0.217188 0.141667 0.215625 0.143750 0.215625 0.156250 0.217188 0.158333 0.217188 0.160417 0.215625 0.162500 0.215625 0.183333 0.214062 0.185417 0.214062 0.202083 0.212500 0.204167 0.212500 0.222917 0.214062 0.225000 0.214062 0.227083 0.215625 0.229167 0.217188 0.229167 0.218750 0.227083 0.221875 0.227083 0.223438 0.225000 0.231250 0.225000 0.232813 0.222917 0.237500 0.222917 0.239063 0.220833 0.240625 0.220833 0.242188 0.218750 0.250000 0.218750 0.251563 0.216667 0.251563 0.214583 0.254688 0.210417 0.254688 0.208333 0.257812 0.204167 0.259375 0.204167 0.259375 0.202083 0.262500 0.197917 0.264062 0.197917 0.267188 0.193750 0.268750 0.193750 0.270313 0.191667 0.271875 0.191667 0.275000 0.187500 0.292187 0.187500 0.293750 0.189583 0.301563 0.189583 0.303125 0.187500 0.301563 0.185417 0.309375 0.175000 0.309375 0.172917 0.314063 0.166667 0.314063 0.164583 0.318750 0.158333 0.318750 0.152083 0.325000 0.143750 0.325000 0.141667 0.328125 0.137500 0.329688 0.137500 0.329688 0.135417 0.339062 0.122917 0.340625 0.122917 0.342187 0.120833 0.345313 0.120833 0.346875 0.118750 0.351562 0.118750 0.353125 0.116667 0.356250 0.116667 0.357812 0.114583 0.360938 0.114583 0.362500 0.112500 0.364063 0.112500 0.365625 0.110417 0.368750 0.110417 0.370312 0.108333 0.376563 0.108333 0.378125 0.106250 0.379688 0.106250 0.382812 0.102083 0.379688 0.097917 0.370312 0.097917 0.368750 0.095833 0.360938 0.095833 0.359375 0.093750 0.350000 0.093750 0.348438 0.091667 0.335938 0.091667 0.334375 0.089583 0.325000 0.089583 0.323437 0.087500 0.310937 0.087500 0.309375 0.085417 0.298438 0.085417 0.296875 0.083333 0.285938 0.083333 0.284375 0.081250 0.273438 0.081250 0.271875 0.079167 0.262500 0.079167 0.260937 0.077083 0.242188 0.077083 0.240625 0.075000 0.223438 0.075000 0.221875 0.072917 0.207813 0.072917 0.206250 0.070833 0.187500 0.070833 0.185938 0.068750 0.179688 0.068750 0.178125 0.066667