0 0.456250 0.116667 0.454688 0.118750 0.453125 0.118750 0.451562 0.120833 0.451562 0.122917 0.450000 0.125000 0.450000 0.127083 0.448437 0.129167 0.448437 0.139583 0.450000 0.141667 0.450000 0.143750 0.451562 0.145833 0.451562 0.147917 0.453125 0.150000 0.453125 0.156250 0.454688 0.158333 0.454688 0.164583 0.459375 0.170833 0.459375 0.172917 0.465625 0.181250 0.467187 0.181250 0.470313 0.185417 0.471875 0.185417 0.473438 0.187500 0.482812 0.187500 0.484375 0.185417 0.485938 0.185417 0.490625 0.179167 0.490625 0.177083 0.492188 0.175000 0.492188 0.168750 0.490625 0.166667 0.490625 0.164583 0.487500 0.160417 0.487500 0.156250 0.485938 0.154167 0.485938 0.152083 0.484375 0.150000 0.484375 0.147917 0.482812 0.145833 0.482812 0.143750 0.481250 0.141667 0.481250 0.139583 0.475000 0.131250 0.471875 0.131250 0.470313 0.129167 0.468750 0.129167 0.467187 0.127083 0.467187 0.125000 0.464062 0.120833 0.464062 0.118750 0.462500 0.118750 0.460938 0.116667
0 0.067187 0.010417 0.065625 0.012500 0.062500 0.012500 0.060937 0.014583 0.059375 0.014583 0.056250 0.018750 0.054688 0.018750 0.051562 0.022917 0.050000 0.022917 0.046875 0.027083 0.045312 0.027083 0.043750 0.029167 0.042188 0.029167 0.039062 0.033333 0.037500 0.033333 0.034375 0.037500 0.032813 0.037500 0.031250 0.039583 0.029687 0.039583 0.025000 0.045833 0.025000 0.047917 0.014063 0.062500 0.014063 0.064583 0.010937 0.068750 0.010937 0.070833 0.009375 0.072917 0.009375 0.075000 0.007812 0.077083 0.007812 0.079167 0.006250 0.081250 0.006250 0.083333 0.004687 0.085417 0.004687 0.087500 0.003125 0.089583 0.003125 0.093750 0.000000 0.097917 0.000000 0.183333 0.001563 0.183333 0.006250 0.189583 0.007812 0.189583 0.009375 0.191667 0.010937 0.191667 0.015625 0.197917 0.015625 0.200000 0.018750 0.204167 0.018750 0.206250 0.020313 0.208333 0.020313 0.210417 0.031250 0.225000 0.032813 0.225000 0.034375 0.227083 0.034375 0.229167 0.035937 0.229167 0.039062 0.233333 0.040625 0.233333 0.042188 0.235417 0.043750 0.235417 0.045312 0.237500 0.048438 0.237500 0.050000 0.239583 0.053125 0.239583 0.054688 0.241667 0.057813 0.241667 0.059375 0.243750 0.060937 0.243750 0.062500 0.245833 0.064062 0.245833 0.068750 0.252083 0.070312 0.252083 0.073438 0.256250 0.075000 0.256250 0.078125 0.260417 0.079687 0.260417 0.081250 0.262500 0.093750 0.262500 0.095312 0.260417 0.101562 0.260417 0.103125 0.258333 0.104688 0.260417 0.106250 0.260417 0.107813 0.262500 0.107813 0.272917 0.106250 0.275000 0.106250 0.279167 0.104688 0.281250 0.104688 0.287500 0.103125 0.289583 0.103125 0.295833 0.101562 0.297917 0.101562 0.302083 0.100000 0.304167 0.100000 0.310417 0.098437 0.312500 0.098437 0.316667 0.096875 0.318750 0.096875 0.325000 0.095312 0.327083 0.095312 0.335417 0.093750 0.337500 0.093750 0.341667 0.092188 0.343750 0.092188 0.352083 0.090625 0.354167 0.090625 0.362500 0.089063 0.364583 0.089063 0.372917 0.087500 0.375000 0.087500 0.383333 0.085938 0.385417 0.085938 0.389583 0.084375 0.391667 0.084375 0.418750 0.085938 0.420833 0.085938 0.425000 0.087500 0.427083 0.087500 0.433333 0.089063 0.435417 0.089063 0.437500 0.090625 0.439583 0.090625 0.441667 0.092188 0.443750 0.092188 0.445833 0.093750 0.447917 0.093750 0.450000 0.096875 0.454167 0.096875 0.456250 0.101562 0.462500 0.101562 0.464583 0.112500 0.479167 0.112500 0.481250 0.114062 0.481250 0.120313 0.489583 0.121875 0.489583 0.126562 0.495833 0.128125 0.495833 0.131250 0.500000 0.132812 0.500000 0.134375 0.502083 0.135937 0.502083 0.139063 0.506250 0.140625 0.506250 0.143750 0.510417 0.145313 0.510417 0.148438 0.514583 0.150000 0.514583 0.153125 0.518750 0.154688 0.518750 0.156250 0.520833 0.157812 0.520833 0.159375 0.522917 0.160938 0.522917 0.162500 0.525000 0.165625 0.525000 0.167187 0.527083 0.170313 0.527083 0.171875 0.529167 0.173437 0.529167 0.175000 0.531250 0.178125 0.531250 0.179688 0.533333 0.181250 0.533333 0.184375 0.537500 0.185938 0.537500 0.187500 0.539583 0.189062 0.539583 0.190625 0.541667 0.192188 0.541667 0.195312 0.545833 0.198437 0.545833 0.201563 0.550000 0.203125 0.550000 0.206250 0.554167 0.207813 0.554167 0.210938 0.558333 0.212500 0.558333 0.217188 0.564583 0.218750 0.564583 0.226562 0.575000 0.228125 0.575000 0.229687 0.577083 0.231250 0.577083 0.235937 0.583333 0.237500 0.583333 0.242188 0.589583 0.243750 0.589583 0.245312 0.591667 0.246875 0.591667 0.250000 0.595833 0.251563 0.595833 0.254688 0.600000 0.256250 0.600000 0.257812 0.602083 0.259375 0.602083 0.260937 0.604167 0.262500 0.604167 0.264062 0.606250 0.265625 0.606250 0.267188 0.608333 0.268750 0.608333 0.271875 0.612500 0.273438 0.612500 0.276562 0.616667 0.276562 0.618750 0.279687 0.622917 0.279687 0.625000 0.284375 0.631250 0.285938 0.631250 0.301563 0.652083 0.303125 0.652083 0.304688 0.654167 0.306250 0.654167 0.307812 0.656250 0.309375 0.656250 0.310937 0.658333 0.314063 0.658333 0.315625 0.660417 0.321875 0.660417 0.323437 0.662500 0.345313 0.662500 0.346875 0.660417 0.354687 0.660417 0.356250 0.658333 0.362500 0.658333 0.364063 0.656250 0.368750 0.656250 0.371875 0.652083 0.373437 0.652083 0.376563 0.647917 0.378125 0.647917 0.382812 0.641667 0.382812 0.639583 0.385937 0.635417 0.385937 0.633333 0.387500 0.631250 0.387500 0.629167 0.389062 0.627083 0.389062 0.625000 0.390625 0.622917 0.390625 0.618750 0.392188 0.616667 0.392188 0.612500 0.393750 0.610417 0.393750 0.608333 0.395313 0.606250 0.395313 0.602083 0.396875 0.600000 0.396875 0.595833 0.398438 0.593750 0.398438 0.591667 0.400000 0.589583 0.400000 0.585417 0.401562 0.583333 0.401562 0.579167 0.403125 0.577083 0.403125 0.570833 0.404687 0.568750 0.404687 0.566667 0.406250 0.564583 0.406250 0.560417 0.407813 0.558333 0.407813 0.554167 0.409375 0.552083 0.409375 0.547917 0.410938 0.545833 0.410938 0.543750 0.412500 0.541667 0.412500 0.535417 0.414062 0.533333 0.414062 0.531250 0.415625 0.529167 0.415625 0.527083 0.417187 0.525000 0.417187 0.520833 0.418750 0.518750 0.418750 0.512500 0.420312 0.510417 0.420312 0.504167 0.421875 0.502083 0.421875 0.500000 0.423438 0.497917 0.423438 0.491667 0.425000 0.489583 0.425000 0.487500 0.423438 0.485417 0.423438 0.472917 0.421875 0.470833 0.421875 0.466667 0.420312 0.464583 0.420312 0.454167 0.421875 0.452083 0.421875 0.450000 0.437500 0.429167 0.437500 0.427083 0.440625 0.422917 0.442188 0.422917 0.445312 0.418750 0.446875 0.418750 0.451562 0.412500 0.453125 0.412500 0.454688 0.410417 0.457813 0.410417 0.459375 0.408333 0.460938 0.408333 0.462500 0.406250 0.464062 0.406250 0.465625 0.404167 0.467187 0.404167 0.468750 0.402083 0.470313 0.402083 0.471875 0.400000 0.473438 0.400000 0.481250 0.389583 0.481250 0.387500 0.482812 0.385417 0.482812 0.383333 0.484375 0.381250 0.484375 0.370833 0.485938 0.368750 0.485938 0.366667 0.487500 0.364583 0.487500 0.362500 0.489063 0.360417 0.489063 0.356250 0.490625 0.354167 0.490625 0.350000 0.492188 0.347917 0.492188 0.329167 0.490625 0.327083 0.489063 0.327083 0.487500 0.325000 0.487500 0.316667 0.489063 0.314583 0.489063 0.312500 0.492188 0.308333 0.492188 0.306250 0.495312 0.302083 0.495312 0.293750 0.487500 0.293750 0.478125 0.306250 0.476562 0.306250 0.475000 0.308333 0.471875 0.308333 0.467187 0.314583 0.465625 0.314583 0.459375 0.322917 0.457813 0.322917 0.454688 0.327083 0.453125 0.327083 0.450000 0.331250 0.448437 0.331250 0.446875 0.333333 0.443750 0.333333 0.437500 0.341667 0.437500 0.343750 0.435937 0.345833 0.435937 0.347917 0.432812 0.352083 0.432812 0.354167 0.429688 0.358333 0.429688 0.360417 0.426563 0.364583 0.426563 0.366667 0.425000 0.368750 0.425000 0.370833 0.420312 0.377083 0.420312 0.379167 0.409375 0.393750 0.409375 0.395833 0.400000 0.408333 0.398438 0.408333 0.390625 0.418750 0.389062 0.418750 0.387500 0.420833 0.385937 0.420833 0.384375 0.418750 0.382812 0.418750 0.379688 0.414583 0.378125 0.414583 0.371875 0.406250 0.371875 0.404167 0.367188 0.397917 0.367188 0.395833 0.362500 0.389583 0.362500 0.387500 0.359375 0.383333 0.359375 0.381250 0.351562 0.370833 0.351562 0.368750 0.343750 0.358333 0.343750 0.356250 0.335938 0.345833 0.335938 0.343750 0.334375 0.343750 0.332813 0.341667 0.332813 0.339583 0.320312 0.322917 0.320312 0.320833 0.315625 0.314583 0.315625 0.312500 0.314063 0.310417 0.317188 0.306250 0.325000 0.306250 0.326562 0.308333 0.340625 0.308333 0.342187 0.310417 0.345313 0.310417 0.346875 0.312500 0.370312 0.312500 0.371875 0.310417 0.375000 0.310417 0.376563 0.308333 0.385937 0.308333 0.387500 0.306250 0.390625 0.306250 0.392188 0.304167 0.396875 0.304167 0.398438 0.302083 0.400000 0.302083 0.401562 0.300000 0.404687 0.300000 0.406250 0.297917 0.409375 0.297917 0.410938 0.295833 0.412500 0.295833 0.415625 0.291667 0.417187 0.291667 0.437500 0.264583 0.437500 0.262500 0.439063 0.260417 0.439063 0.258333 0.448437 0.245833 0.448437 0.243750 0.450000 0.241667 0.450000 0.237500 0.451562 0.235417 0.451562 0.233333 0.453125 0.231250 0.451562 0.229167 0.451562 0.225000 0.450000 0.222917 0.450000 0.220833 0.448437 0.218750 0.446875 0.218750 0.442188 0.212500 0.442188 0.210417 0.437500 0.204167 0.437500 0.202083 0.434375 0.197917 0.434375 0.195833 0.420312 0.177083 0.420312 0.175000 0.417187 0.170833 0.415625 0.170833 0.409375 0.162500 0.407813 0.162500 0.407813 0.164583 0.406250 0.166667 0.406250 0.168750 0.409375 0.172917 0.409375 0.175000 0.410938 0.177083 0.410938 0.179167 0.414062 0.183333 0.414062 0.185417 0.418750 0.191667 0.418750 0.193750 0.420312 0.195833 0.420312 0.197917 0.421875 0.200000 0.421875 0.202083 0.423438 0.204167 0.421875 0.206250 0.421875 0.208333 0.415625 0.216667 0.414062 0.216667 0.410938 0.220833 0.407813 0.220833 0.404687 0.225000 0.403125 0.225000 0.401562 0.227083 0.400000 0.227083 0.398438 0.229167 0.395313 0.229167 0.393750 0.231250 0.392188 0.231250 0.390625 0.233333 0.384375 0.233333 0.382812 0.235417 0.378125 0.235417 0.376563 0.237500 0.375000 0.235417 0.371875 0.235417 0.370312 0.233333 0.368750 0.233333 0.367188 0.231250 0.364063 0.231250 0.362500 0.229167 0.325000 0.229167 0.323437 0.227083 0.321875 0.227083 0.320312 0.225000 0.318750 0.225000 0.317188 0.222917 0.315625 0.222917 0.314063 0.220833 0.312500 0.220833 0.309375 0.216667 0.307812 0.216667 0.306250 0.214583 0.304688 0.214583 0.303125 0.212500 0.301563 0.212500 0.300000 0.210417 0.298438 0.210417 0.296875 0.208333 0.295312 0.208333 0.293750 0.206250 0.290625 0.206250 0.289062 0.204167 0.287500 0.204167 0.285938 0.202083 0.282813 0.202083 0.281250 0.200000 0.279687 0.200000 0.278125 0.197917 0.276562 0.197917 0.275000 0.195833 0.273438 0.195833 0.270313 0.191667 0.268750 0.191667 0.267188 0.189583 0.265625 0.189583 0.264062 0.187500 0.262500 0.187500 0.260937 0.185417 0.259375 0.185417 0.257812 0.183333 0.256250 0.183333 0.254688 0.181250 0.251563 0.181250 0.250000 0.179167 0.243750 0.179167 0.242188 0.177083 0.237500 0.177083 0.235937 0.175000 0.220312 0.175000 0.218750 0.177083 0.214062 0.177083 0.201563 0.160417 0.200000 0.160417 0.185938 0.141667 0.185938 0.139583 0.184375 0.137500 0.184375 0.127083 0.192188 0.116667 0.193750 0.116667 0.196875 0.112500 0.198437 0.112500 0.200000 0.110417 0.200000 0.108333 0.201563 0.106250 0.203125 0.106250 0.207813 0.100000 0.209375 0.100000 0.214062 0.093750 0.214062 0.081250 0.212500 0.079167 0.212500 0.077083 0.210938 0.075000 0.210938 0.072917 0.209375 0.070833 0.207813 0.070833 0.204687 0.066667 0.203125 0.066667 0.200000 0.062500 0.198437 0.062500 0.196875 0.060417 0.195312 0.060417 0.193750 0.058333 0.192188 0.058333 0.190625 0.056250 0.189062 0.056250 0.187500 0.054167 0.185938 0.054167 0.184375 0.052083 0.182812 0.052083 0.181250 0.050000 0.179688 0.050000 0.178125 0.047917 0.176563 0.047917 0.175000 0.045833 0.173437 0.045833 0.170313 0.041667 0.168750 0.041667 0.159375 0.029167 0.157812 0.029167 0.156250 0.027083 0.156250 0.025000 0.151562 0.018750 0.143750 0.018750 0.142187 0.020833 0.139063 0.020833 0.137500 0.018750 0.131250 0.018750 0.129688 0.016667 0.126562 0.016667 0.125000 0.014583 0.120313 0.014583 0.118750 0.012500 0.110937 0.012500 0.109375 0.014583 0.096875 0.014583 0.095312 0.012500 0.090625 0.012500 0.089063 0.010417
1 0.679688 0.295833 0.676562 0.300000 0.676562 0.306250 0.675000 0.308333 0.675000 0.310417 0.670312 0.316667 0.668750 0.316667 0.667188 0.318750 0.664062 0.318750 0.662500 0.320833 0.659375 0.320833 0.657813 0.322917 0.645312 0.322917 0.637500 0.312500 0.626563 0.312500 0.625000 0.314583 0.620313 0.314583 0.618750 0.316667 0.615625 0.316667 0.614062 0.318750 0.609375 0.318750 0.607812 0.320833 0.604688 0.320833 0.603125 0.322917 0.598437 0.322917 0.596875 0.325000 0.593750 0.325000 0.592187 0.327083 0.587500 0.327083 0.585938 0.329167 0.582812 0.329167 0.581250 0.331250 0.576562 0.331250 0.575000 0.333333 0.573438 0.333333 0.568750 0.339583 0.568750 0.343750 0.567187 0.345833 0.567187 0.347917 0.559375 0.358333 0.557813 0.358333 0.556250 0.360417 0.553125 0.360417 0.548438 0.366667 0.546875 0.366667 0.546875 0.368750 0.545312 0.370833 0.545312 0.372917 0.543750 0.375000 0.543750 0.379167 0.542188 0.381250 0.542188 0.387500 0.540625 0.389583 0.540625 0.393750 0.539062 0.395833 0.539062 0.400000 0.537500 0.402083 0.537500 0.408333 0.535937 0.410417 0.535937 0.414583 0.534375 0.416667 0.534375 0.420833 0.532813 0.422917 0.532813 0.429167 0.531250 0.431250 0.531250 0.435417 0.529687 0.437500 0.529687 0.441667 0.528125 0.443750 0.528125 0.450000 0.526563 0.452083 0.526563 0.456250 0.525000 0.458333 0.525000 0.462500 0.523438 0.464583 0.523438 0.468750 0.521875 0.470833 0.521875 0.477083 0.520312 0.479167 0.520312 0.485417 0.518750 0.487500 0.518750 0.491667 0.517188 0.493750 0.517188 0.500000 0.515625 0.502083 0.515625 0.506250 0.514062 0.508333 0.514062 0.514583 0.512500 0.516667 0.512500 0.520833 0.510938 0.522917 0.510938 0.529167 0.509375 0.531250 0.509375 0.535417 0.507812 0.537500 0.507812 0.541667 0.506250 0.543750 0.506250 0.550000 0.504687 0.552083 0.504687 0.556250 0.503125 0.558333 0.503125 0.564583 0.501563 0.566667 0.501563 0.570833 0.500000 0.572917 0.500000 0.577083 0.498437 0.579167 0.498437 0.585417 0.496875 0.587500 0.496875 0.593750 0.495312 0.595833 0.495312 0.602083 0.493750 0.604167 0.493750 0.612500 0.501563 0.622917 0.504687 0.622917 0.506250 0.625000 0.509375 0.625000 0.518750 0.637500 0.518750 0.639583 0.520312 0.639583 0.521875 0.641667 0.521875 0.647917 0.517188 0.654167 0.514062 0.650000 0.512500 0.650000 0.507812 0.643750 0.506250 0.643750 0.504687 0.641667 0.501563 0.641667 0.501563 0.643750 0.493750 0.654167 0.489063 0.654167 0.487500 0.656250 0.484375 0.656250 0.482812 0.658333 0.482812 0.660417 0.481250 0.662500 0.481250 0.666667 0.479687 0.668750 0.479687 0.675000 0.478125 0.677083 0.478125 0.681250 0.476562 0.683333 0.476562 0.687500 0.475000 0.689583 0.475000 0.695833 0.473438 0.697917 0.473438 0.702083 0.471875 0.704167 0.471875 0.710417 0.470313 0.712500 0.470313 0.716667 0.468750 0.718750 0.468750 0.722917 0.467187 0.725000 0.467187 0.731250 0.465625 0.733333 0.465625 0.737500 0.464062 0.739583 0.464062 0.745833 0.462500 0.747917 0.462500 0.752083 0.460938 0.754167 0.460938 0.758333 0.459375 0.760417 0.459375 0.768750 0.457813 0.770833 0.457813 0.775000 0.456250 0.777083 0.456250 0.781250 0.454688 0.783333 0.454688 0.789583 0.453125 0.791667 0.453125 0.795833 0.451562 0.797917 0.451562 0.804167 0.450000 0.806250 0.450000 0.812500 0.448437 0.814583 0.448437 0.818750 0.446875 0.820833 0.446875 0.827083 0.445312 0.829167 0.445312 0.833333 0.443750 0.835417 0.443750 0.841667 0.442188 0.843750 0.442188 0.847917 0.440625 0.850000 0.440625 0.856250 0.439063 0.858333 0.439063 0.864583 0.437500 0.866667 0.437500 0.870833 0.435937 0.872917 0.435937 0.877083 0.434375 0.879167 0.434375 0.885417 0.432812 0.887500 0.432812 0.891667 0.431250 0.893750 0.431250 0.900000 0.429688 0.902083 0.429688 0.906250 0.428125 0.908333 0.428125 0.912500 0.426563 0.914583 0.426563 0.920833 0.425000 0.922917 0.425000 0.927083 0.423438 0.929167 0.423438 0.935417 0.421875 0.937500 0.421875 0.941667 0.420312 0.943750 0.420312 0.952083 0.418750 0.954167 0.418750 0.960417 0.417187 0.962500 0.417187 0.968750 0.415625 0.970833 0.415625 0.983333 0.417187 0.985417 0.418750 0.985417 0.421875 0.989583 0.423438 0.989583 0.426563 0.993750 0.428125 0.993750 0.431250 0.997917 0.579688 0.997917 0.581250 0.995833 0.581250 0.989583 0.582812 0.987500 0.582812 0.975000 0.584375 0.972917 0.584375 0.966667 0.585938 0.964583 0.585938 0.954167 0.587500 0.952083 0.587500 0.945833 0.589063 0.943750 0.589063 0.935417 0.590625 0.933333 0.590625 0.925000 0.592187 0.922917 0.592187 0.914583 0.593750 0.912500 0.593750 0.902083 0.595313 0.900000 0.595313 0.889583 0.596875 0.887500 0.596875 0.879167 0.598437 0.877083 0.598437 0.866667 0.600000 0.864583 0.600000 0.856250 0.601562 0.854167 0.601562 0.845833 0.603125 0.843750 0.603125 0.837500 0.604688 0.835417 0.604688 0.820833 0.606250 0.818750 0.606250 0.808333 0.607812 0.806250 0.607812 0.802083 0.609375 0.800000 0.609375 0.791667 0.610938 0.789583 0.610938 0.781250 0.612500 0.779167 0.612500 0.772917 0.614062 0.770833 0.614062 0.758333 0.615625 0.756250 0.615625 0.750000 0.617188 0.747917 0.617188 0.739583 0.618750 0.737500 0.618750 0.729167 0.620313 0.727083 0.620313 0.718750 0.621875 0.716667 0.621875 0.708333 0.623437 0.706250 0.623437 0.700000 0.625000 0.697917 0.625000 0.689583 0.626563 0.687500 0.626563 0.675000 0.628125 0.672917 0.628125 0.666667 0.629687 0.664583 0.629687 0.658333 0.631250 0.656250 0.631250 0.645833 0.632812 0.643750 0.632812 0.635417 0.634375 0.633333 0.634375 0.625000 0.635938 0.622917 0.635938 0.614583 0.637500 0.612500 0.637500 0.602083 0.639062 0.600000 0.639062 0.593750 0.640625 0.591667 0.640625 0.579167 0.642188 0.577083 0.642188 0.570833 0.643750 0.568750 0.643750 0.560417 0.645312 0.558333 0.645312 0.550000 0.646875 0.547917 0.646875 0.539583 0.648438 0.537500 0.648438 0.527083 0.650000 0.525000 0.650000 0.518750 0.651563 0.516667 0.651563 0.508333 0.653125 0.506250 0.653125 0.500000 0.654687 0.497917 0.654687 0.489583 0.656250 0.487500 0.656250 0.479167 0.657813 0.477083 0.657813 0.468750 0.659375 0.466667 0.659375 0.458333 0.660937 0.456250 0.660937 0.452083 0.662500 0.450000 0.662500 0.439583 0.664062 0.437500 0.664062 0.425000 0.665625 0.422917 0.665625 0.412500 0.667188 0.410417 0.667188 0.404167 0.668750 0.402083 0.668750 0.393750 0.670312 0.391667 0.670312 0.383333 0.671875 0.381250 0.671875 0.368750 0.673438 0.366667 0.673438 0.360417 0.675000 0.358333 0.675000 0.350000 0.676562 0.347917 0.676562 0.339583 0.678125 0.337500 0.678125 0.331250 0.679688 0.329167 0.679688 0.316667 0.681250 0.314583 0.681250 0.295833
3 0.496875 0.429167 0.493750 0.433333 0.493750 0.437500 0.492188 0.439583 0.492188 0.445833 0.490625 0.447917 0.490625 0.454167 0.489063 0.456250 0.489063 0.464583 0.487500 0.466667 0.487500 0.468750 0.485938 0.470833 0.485938 0.477083 0.484375 0.479167 0.484375 0.483333 0.482812 0.485417 0.482812 0.491667 0.481250 0.493750 0.481250 0.495833 0.476562 0.502083 0.476562 0.512500 0.473438 0.516667 0.473438 0.529167 0.471875 0.531250 0.471875 0.545833 0.473438 0.547917 0.473438 0.552083 0.475000 0.552083 0.476562 0.554167 0.482812 0.545833 0.482812 0.543750 0.484375 0.541667 0.484375 0.535417 0.485938 0.533333 0.485938 0.525000 0.487500 0.522917 0.487500 0.514583 0.489063 0.512500 0.489063 0.506250 0.490625 0.504167 0.490625 0.493750 0.492188 0.491667 0.492188 0.485417 0.493750 0.483333 0.493750 0.477083 0.495312 0.475000 0.495312 0.468750 0.496875 0.466667 0.496875 0.454167 0.498437 0.452083 0.498437 0.437500 0.500000 0.435417 0.498437 0.433333 0.498437 0.431250
4 0.295312 0.989583 0.292187 0.993750 0.292187 0.997917 0.310937 0.997917 0.307812 0.993750 0.306250 0.993750 0.303125 0.989583
4 0.468750 0.404167 0.462500 0.412500 0.462500 0.418750 0.460938 0.420833 0.460938 0.437500 0.459375 0.439583 0.459375 0.454167 0.457813 0.456250 0.457813 0.462500 0.456250 0.464583 0.456250 0.468750 0.454688 0.470833 0.454688 0.472917 0.453125 0.475000 0.453125 0.477083 0.451562 0.479167 0.451562 0.483333 0.450000 0.485417 0.450000 0.500000 0.454688 0.506250 0.462500 0.506250 0.467187 0.500000 0.467187 0.477083 0.468750 0.475000 0.468750 0.456250 0.470313 0.454167 0.470313 0.435417 0.471875 0.433333 0.470313 0.431250 0.471875 0.429167 0.471875 0.414583 0.473438 0.412500 0.473438 0.404167
4 0.482812 0.233333 0.476562 0.241667 0.476562 0.245833 0.475000 0.247917 0.475000 0.260417 0.476562 0.262500 0.476562 0.283333 0.475000 0.285417 0.475000 0.304167 0.478125 0.304167 0.482812 0.297917 0.482812 0.293750 0.489063 0.285417 0.489063 0.272917 0.490625 0.270833 0.490625 0.266667 0.493750 0.262500 0.493750 0.260417 0.495312 0.258333 0.495312 0.256250 0.496875 0.254167 0.496875 0.245833 0.495312 0.243750 0.495312 0.241667 0.493750 0.239583 0.493750 0.237500 0.490625 0.233333
2 0.535937 0.018750 0.534375 0.020833 0.531250 0.020833 0.529687 0.022917 0.528125 0.022917 0.526563 0.025000 0.525000 0.025000 0.523438 0.027083 0.521875 0.027083 0.520312 0.029167 0.518750 0.029167 0.517188 0.031250 0.515625 0.031250 0.514062 0.033333 0.512500 0.033333 0.506250 0.041667 0.506250 0.045833 0.504687 0.047917 0.504687 0.056250 0.503125 0.058333 0.503125 0.072917 0.504687 0.075000 0.504687 0.077083 0.509375 0.083333 0.509375 0.085417 0.512500 0.089583 0.512500 0.091667 0.518750 0.100000 0.518750 0.102083 0.523438 0.108333 0.523438 0.110417 0.528125 0.116667 0.528125 0.118750 0.531250 0.122917 0.531250 0.125000 0.537500 0.133333 0.537500 0.135417 0.540625 0.139583 0.540625 0.141667 0.545312 0.147917 0.545312 0.150000 0.550000 0.156250 0.550000 0.158333 0.554688 0.164583 0.554688 0.166667 0.562500 0.177083 0.562500 0.179167 0.571875 0.191667 0.571875 0.193750 0.576562 0.200000 0.576562 0.202083 0.584375 0.212500 0.584375 0.214583 0.587500 0.218750 0.587500 0.220833 0.590625 0.225000 0.590625 0.227083 0.593750 0.231250 0.593750 0.233333 0.596875 0.237500 0.596875 0.239583 0.600000 0.243750 0.600000 0.245833 0.601562 0.247917 0.601562 0.250000 0.604688 0.254167 0.604688 0.256250 0.614062 0.268750 0.614062 0.270833 0.617188 0.275000 0.617188 0.277083 0.618750 0.279167 0.618750 0.281250 0.623437 0.287500 0.623437 0.289583 0.640625 0.312500 0.640625 0.314583 0.645312 0.320833 0.654687 0.320833 0.656250 0.318750 0.659375 0.318750 0.660937 0.316667 0.662500 0.316667 0.664062 0.314583 0.667188 0.314583 0.668750 0.312500 0.670312 0.312500 0.671875 0.310417 0.673438 0.310417 0.673438 0.302083 0.675000 0.300000 0.675000 0.291667 0.676562 0.289583 0.676562 0.285417 0.675000 0.283333 0.675000 0.279167 0.673438 0.277083 0.673438 0.275000 0.671875 0.272917 0.671875 0.270833 0.668750 0.266667 0.668750 0.264583 0.665625 0.260417 0.665625 0.258333 0.660937 0.252083 0.660937 0.250000 0.653125 0.239583 0.653125 0.237500 0.642188 0.222917 0.642188 0.220833 0.640625 0.218750 0.640625 0.216667 0.639062 0.214583 0.639062 0.212500 0.635938 0.208333 0.635938 0.206250 0.634375 0.204167 0.634375 0.202083 0.631250 0.197917 0.631250 0.195833 0.628125 0.191667 0.628125 0.189583 0.626563 0.187500 0.626563 0.185417 0.625000 0.183333 0.625000 0.181250 0.621875 0.177083 0.621875 0.175000 0.615625 0.166667 0.615625 0.164583 0.610938 0.158333 0.610938 0.156250 0.609375 0.154167 0.609375 0.152083 0.604688 0.145833 0.604688 0.143750 0.601562 0.139583 0.601562 0.137500 0.600000 0.135417 0.600000 0.133333 0.595313 0.127083 0.595313 0.125000 0.592187 0.120833 0.592187 0.118750 0.585938 0.110417 0.585938 0.108333 0.584375 0.106250 0.584375 0.104167 0.581250 0.100000 0.581250 0.097917 0.578125 0.093750 0.578125 0.091667 0.573438 0.085417 0.573438 0.083333 0.570312 0.079167 0.570312 0.077083 0.567187 0.072917 0.567187 0.070833 0.564063 0.066667 0.564063 0.064583 0.560937 0.060417 0.560937 0.058333 0.556250 0.052083 0.556250 0.050000 0.553125 0.045833 0.553125 0.043750 0.551562 0.041667 0.551562 0.039583 0.546875 0.033333 0.546875 0.031250 0.543750 0.027083 0.543750 0.025000 0.540625 0.020833 0.539062 0.020833 0.537500 0.018750
2 0.743750 0.916667 0.742188 0.918750 0.740625 0.918750 0.734375 0.927083 0.734375 0.933333 0.732812 0.935417 0.732812 0.937500 0.731250 0.939583 0.731250 0.945833 0.729688 0.947917 0.729688 0.964583 0.728125 0.966667 0.728125 0.977083 0.726562 0.979167 0.726562 0.997917 0.803125 0.997917 0.804688 0.995833 0.804688 0.987500 0.806250 0.985417 0.804688 0.983333 0.804688 0.981250 0.806250 0.979167 0.806250 0.956250 0.804688 0.954167 0.804688 0.952083 0.801562 0.947917 0.801562 0.945833 0.787500 0.927083 0.785937 0.927083 0.782813 0.922917 0.779687 0.922917 0.778125 0.920833 0.765625 0.920833 0.764062 0.918750 0.754687 0.918750 0.753125 0.916667
2 0.423438 0.083333 0.421875 0.085417 0.418750 0.085417 0.417187 0.087500 0.415625 0.087500 0.414062 0.089583 0.412500 0.089583 0.409375 0.093750 0.407813 0.093750 0.406250 0.095833 0.404687 0.095833 0.398438 0.104167 0.398438 0.106250 0.396875 0.108333 0.396875 0.114583 0.395313 0.116667 0.395313 0.127083 0.393750 0.129167 0.395313 0.131250 0.395313 0.133333 0.396875 0.135417 0.396875 0.137500 0.403125 0.145833 0.403125 0.147917 0.412500 0.160417 0.412500 0.162500 0.418750 0.170833 0.420312 0.170833 0.421875 0.172917 0.421875 0.175000 0.426563 0.181250 0.426563 0.183333 0.440625 0.202083 0.440625 0.204167 0.445312 0.210417 0.445312 0.212500 0.453125 0.222917 0.453125 0.225000 0.456250 0.229167 0.456250 0.231250 0.468750 0.247917 0.471875 0.247917 0.473438 0.250000 0.475000 0.247917 0.475000 0.243750 0.476562 0.241667 0.476562 0.239583 0.478125 0.237500 0.479687 0.237500 0.482812 0.233333 0.489063 0.233333 0.493750 0.239583 0.493750 0.241667 0.495312 0.243750 0.495312 0.245833 0.496875 0.247917 0.496875 0.250000 0.495312 0.252083 0.495312 0.256250 0.493750 0.258333 0.493750 0.262500 0.489063 0.268750 0.489063 0.279167 0.492188 0.283333 0.493750 0.283333 0.498437 0.289583 0.498437 0.291667 0.500000 0.293750 0.500000 0.312500 0.504687 0.318750 0.506250 0.318750 0.507812 0.320833 0.510938 0.320833 0.512500 0.322917 0.514062 0.322917 0.517188 0.327083 0.517188 0.329167 0.518750 0.329167 0.531250 0.345833 0.532813 0.345833 0.539062 0.354167 0.540625 0.354167 0.542188 0.356250 0.551562 0.356250 0.553125 0.354167 0.554688 0.354167 0.556250 0.352083 0.557813 0.352083 0.560937 0.347917 0.562500 0.347917 0.562500 0.345833 0.564063 0.343750 0.564063 0.329167 0.562500 0.327083 0.562500 0.325000 0.560937 0.322917 0.560937 0.316667 0.557813 0.312500 0.557813 0.310417 0.556250 0.308333 0.556250 0.306250 0.543750 0.289583 0.543750 0.287500 0.535937 0.277083 0.535937 0.275000 0.534375 0.272917 0.534375 0.270833 0.532813 0.268750 0.532813 0.266667 0.531250 0.264583 0.531250 0.262500 0.529687 0.260417 0.529687 0.258333 0.528125 0.256250 0.528125 0.254167 0.526563 0.252083 0.526563 0.250000 0.525000 0.247917 0.525000 0.245833 0.509375 0.225000 0.509375 0.222917 0.504687 0.216667 0.504687 0.214583 0.493750 0.200000 0.493750 0.195833 0.490625 0.191667 0.490625 0.189583 0.489063 0.189583 0.487500 0.187500 0.485938 0.187500 0.482812 0.191667 0.475000 0.191667 0.473438 0.189583 0.471875 0.189583 0.468750 0.185417 0.465625 0.185417 0.457813 0.175000 0.457813 0.172917 0.456250 0.170833 0.456250 0.168750 0.454688 0.168750 0.453125 0.166667 0.453125 0.164583 0.451562 0.162500 0.451562 0.154167 0.450000 0.152083 0.450000 0.150000 0.448437 0.147917 0.448437 0.145833 0.446875 0.143750 0.446875 0.141667 0.445312 0.139583 0.445312 0.133333 0.446875 0.131250 0.446875 0.127083 0.448437 0.125000 0.448437 0.122917 0.450000 0.120833 0.450000 0.116667 0.446875 0.112500 0.446875 0.110417 0.428125 0.085417 0.425000 0.085417
2 0.162500 0.837500 0.160938 0.839583 0.157812 0.839583 0.157812 0.841667 0.154688 0.845833 0.154688 0.847917 0.153125 0.850000 0.153125 0.854167 0.151562 0.856250 0.151562 0.858333 0.150000 0.860417 0.150000 0.864583 0.148438 0.866667 0.148438 0.868750 0.146875 0.870833 0.146875 0.872917 0.145313 0.875000 0.145313 0.879167 0.143750 0.881250 0.143750 0.887500 0.142187 0.889583 0.142187 0.900000 0.146875 0.906250 0.148438 0.906250 0.150000 0.908333 0.153125 0.908333 0.154688 0.910417 0.159375 0.910417 0.160938 0.912500 0.165625 0.912500 0.167187 0.914583 0.170313 0.914583 0.171875 0.916667 0.175000 0.916667 0.176563 0.918750 0.178125 0.918750 0.179688 0.920833 0.181250 0.920833 0.182812 0.922917 0.184375 0.922917 0.185938 0.925000 0.189062 0.925000 0.190625 0.927083 0.192188 0.927083 0.193750 0.929167 0.195312 0.929167 0.196875 0.931250 0.200000 0.931250 0.201563 0.933333 0.204687 0.933333 0.206250 0.935417 0.207813 0.935417 0.209375 0.937500 0.210938 0.937500 0.212500 0.939583 0.214062 0.939583 0.215625 0.941667 0.217188 0.941667 0.218750 0.943750 0.221875 0.943750 0.223438 0.945833 0.225000 0.945833 0.226562 0.947917 0.229687 0.947917 0.231250 0.950000 0.232813 0.950000 0.234375 0.952083 0.235937 0.952083 0.237500 0.954167 0.240625 0.954167 0.242188 0.956250 0.243750 0.956250 0.245312 0.958333 0.248438 0.958333 0.250000 0.960417 0.251563 0.960417 0.253125 0.962500 0.256250 0.962500 0.257812 0.964583 0.259375 0.964583 0.262500 0.968750 0.265625 0.968750 0.267188 0.970833 0.270313 0.970833 0.271875 0.972917 0.273438 0.972917 0.275000 0.975000 0.276562 0.975000 0.278125 0.977083 0.281250 0.977083 0.282813 0.979167 0.285938 0.979167 0.290625 0.985417 0.292187 0.985417 0.296875 0.991667 0.300000 0.991667 0.301563 0.993750 0.303125 0.993750 0.304688 0.995833 0.306250 0.995833 0.307812 0.997917 0.429688 0.997917 0.428125 0.995833 0.426563 0.995833 0.425000 0.993750 0.423438 0.993750 0.420312 0.989583 0.418750 0.989583 0.417187 0.987500 0.415625 0.987500 0.414062 0.985417 0.412500 0.985417 0.409375 0.981250 0.407813 0.981250 0.404687 0.977083 0.403125 0.977083 0.401562 0.975000 0.400000 0.975000 0.398438 0.972917 0.395313 0.972917 0.393750 0.970833 0.390625 0.970833 0.387500 0.966667 0.384375 0.966667 0.382812 0.964583 0.381250 0.964583 0.379688 0.962500 0.376563 0.962500 0.375000 0.960417 0.373437 0.960417 0.371875 0.958333 0.368750 0.958333 0.367188 0.956250 0.365625 0.956250 0.362500 0.952083 0.360938 0.952083 0.357812 0.947917 0.354687 0.947917 0.353125 0.945833 0.351562 0.945833 0.350000 0.943750 0.348438 0.943750 0.346875 0.941667 0.345313 0.941667 0.343750 0.939583 0.342187 0.939583 0.340625 0.937500 0.339062 0.937500 0.337500 0.935417 0.335938 0.935417 0.334375 0.933333 0.332813 0.933333 0.331250 0.931250 0.328125 0.931250 0.326562 0.929167 0.325000 0.929167 0.323437 0.927083 0.321875 0.927083 0.320312 0.925000 0.318750 0.925000 0.317188 0.922917 0.315625 0.922917 0.314063 0.920833 0.312500 0.920833 0.310937 0.918750 0.309375 0.918750 0.307812 0.916667 0.306250 0.916667 0.304688 0.914583 0.303125 0.914583 0.301563 0.912500 0.300000 0.912500 0.298438 0.910417 0.296875 0.910417 0.295312 0.908333 0.293750 0.908333 0.292187 0.906250 0.290625 0.906250 0.289062 0.904167 0.287500 0.904167 0.285938 0.902083 0.284375 0.902083 0.282813 0.900000 0.281250 0.900000 0.279687 0.897917 0.276562 0.897917 0.275000 0.895833 0.273438 0.895833 0.271875 0.893750 0.270313 0.893750 0.268750 0.891667 0.267188 0.891667 0.265625 0.889583 0.264062 0.889583 0.262500 0.887500 0.260937 0.887500 0.259375 0.885417 0.257812 0.885417 0.256250 0.883333 0.254688 0.883333 0.253125 0.881250 0.251563 0.881250 0.250000 0.879167 0.246875 0.879167 0.245312 0.877083 0.243750 0.877083 0.242188 0.875000 0.240625 0.875000 0.239063 0.872917 0.237500 0.872917 0.235937 0.870833 0.234375 0.870833 0.232813 0.868750 0.231250 0.868750 0.229687 0.866667 0.228125 0.866667 0.226562 0.864583 0.225000 0.864583 0.223438 0.862500 0.221875 0.862500 0.220312 0.860417 0.218750 0.860417 0.217188 0.858333 0.215625 0.858333 0.214062 0.856250 0.212500 0.856250 0.210938 0.854167 0.209375 0.854167 0.207813 0.852083 0.206250 0.852083 0.204687 0.850000 0.201563 0.850000 0.200000 0.847917 0.198437 0.847917 0.196875 0.845833 0.195312 0.845833 0.193750 0.843750 0.192188 0.843750 0.190625 0.841667 0.187500 0.841667 0.185938 0.839583 0.181250 0.839583 0.179688 0.837500