0 0.010937 0.747917 0.009375 0.750000 0.006250 0.750000 0.004687 0.752083 0.001563 0.752083 0.000000 0.754167 0.000000 0.979167 0.001563 0.977083 0.006250 0.977083 0.010937 0.970833 0.012500 0.970833 0.017188 0.964583 0.018750 0.964583 0.026562 0.954167 0.028125 0.954167 0.029687 0.952083 0.031250 0.952083 0.032813 0.950000 0.034375 0.950000 0.035937 0.947917 0.037500 0.947917 0.039062 0.945833 0.042188 0.945833 0.043750 0.943750 0.045312 0.943750 0.046875 0.941667 0.048438 0.941667 0.050000 0.939583 0.053125 0.939583 0.054688 0.937500 0.056250 0.937500 0.057813 0.935417 0.059375 0.935417 0.062500 0.931250 0.064062 0.931250 0.065625 0.929167 0.067187 0.929167 0.068750 0.927083 0.070312 0.927083 0.073438 0.922917 0.075000 0.922917 0.076563 0.920833 0.078125 0.920833 0.079687 0.918750 0.082812 0.918750 0.085938 0.914583 0.087500 0.914583 0.089063 0.912500 0.090625 0.912500 0.104688 0.893750 0.107813 0.893750 0.109375 0.891667 0.150000 0.891667 0.151562 0.893750 0.175000 0.893750 0.176563 0.895833 0.209375 0.895833 0.210938 0.897917 0.217188 0.897917 0.218750 0.895833 0.242188 0.895833 0.243750 0.897917 0.254688 0.897917 0.256250 0.900000 0.264062 0.900000 0.265625 0.902083 0.271875 0.902083 0.273438 0.904167 0.278125 0.904167 0.279687 0.906250 0.282813 0.906250 0.284375 0.908333 0.289062 0.908333 0.290625 0.910417 0.293750 0.910417 0.298438 0.916667 0.298438 0.918750 0.301563 0.922917 0.301563 0.925000 0.303125 0.927083 0.303125 0.929167 0.306250 0.933333 0.306250 0.954167 0.307812 0.954167 0.309375 0.952083 0.310937 0.952083 0.312500 0.950000 0.314063 0.950000 0.320312 0.941667 0.320312 0.939583 0.325000 0.933333 0.331250 0.933333 0.332813 0.935417 0.337500 0.935417 0.339062 0.937500 0.342187 0.937500 0.343750 0.939583 0.346875 0.939583 0.348438 0.941667 0.350000 0.941667 0.351562 0.943750 0.354687 0.943750 0.356250 0.945833 0.357812 0.945833 0.359375 0.947917 0.360938 0.947917 0.365625 0.954167 0.367188 0.954167 0.368750 0.956250 0.370312 0.956250 0.373437 0.960417 0.378125 0.960417 0.379688 0.962500 0.382812 0.962500 0.384375 0.960417 0.385937 0.960417 0.387500 0.958333 0.387500 0.950000 0.389062 0.947917 0.389062 0.935417 0.387500 0.933333 0.387500 0.929167 0.385937 0.927083 0.385937 0.925000 0.381250 0.918750 0.381250 0.916667 0.379688 0.914583 0.379688 0.912500 0.378125 0.910417 0.378125 0.904167 0.376563 0.902083 0.376563 0.900000 0.375000 0.897917 0.375000 0.893750 0.373437 0.891667 0.373437 0.885417 0.371875 0.883333 0.371875 0.881250 0.367188 0.875000 0.365625 0.875000 0.360938 0.868750 0.359375 0.868750 0.354687 0.862500 0.353125 0.862500 0.351562 0.860417 0.350000 0.860417 0.348438 0.858333 0.345313 0.858333 0.343750 0.856250 0.340625 0.856250 0.339062 0.854167 0.337500 0.854167 0.335938 0.852083 0.331250 0.852083 0.329688 0.850000 0.325000 0.850000 0.323437 0.847917 0.307812 0.847917 0.306250 0.845833 0.301563 0.845833 0.300000 0.843750 0.296875 0.843750 0.295312 0.845833 0.270313 0.845833 0.268750 0.843750 0.262500 0.843750 0.260937 0.841667 0.254688 0.841667 0.253125 0.839583 0.248438 0.839583 0.246875 0.837500 0.242188 0.837500 0.240625 0.835417 0.237500 0.835417 0.235937 0.833333 0.231250 0.833333 0.229687 0.831250 0.226562 0.831250 0.225000 0.829167 0.221875 0.829167 0.220312 0.827083 0.214062 0.827083 0.212500 0.825000 0.207813 0.825000 0.206250 0.822917 0.200000 0.822917 0.198437 0.820833 0.193750 0.820833 0.192188 0.818750 0.185938 0.818750 0.184375 0.816667 0.178125 0.816667 0.176563 0.814583 0.170313 0.814583 0.168750 0.812500 0.148438 0.812500 0.146875 0.810417 0.128125 0.810417 0.126562 0.808333 0.079687 0.808333 0.060937 0.783333 0.060937 0.781250 0.059375 0.779167 0.057813 0.779167 0.048438 0.766667 0.046875 0.766667 0.043750 0.762500 0.042188 0.762500 0.040625 0.760417 0.039062 0.760417 0.035937 0.756250 0.032813 0.756250 0.031250 0.754167 0.029687 0.754167 0.028125 0.752083 0.023438 0.752083 0.021875 0.750000 0.015625 0.750000 0.014063 0.747917
2 0.196875 0.916667 0.195312 0.918750 0.184375 0.918750 0.182812 0.920833 0.179688 0.920833 0.178125 0.922917 0.178125 0.933333 0.176563 0.935417 0.176563 0.958333 0.175000 0.960417 0.175000 0.981250 0.173437 0.983333 0.173437 0.997917 0.214062 0.997917 0.214062 0.972917 0.215625 0.970833 0.215625 0.918750 0.214062 0.918750 0.212500 0.916667
2 0.162500 0.072917 0.160938 0.075000 0.159375 0.075000 0.159375 0.077083 0.157812 0.079167 0.157812 0.081250 0.156250 0.083333 0.156250 0.085417 0.154688 0.087500 0.154688 0.093750 0.153125 0.095833 0.153125 0.097917 0.151562 0.100000 0.151562 0.102083 0.150000 0.104167 0.150000 0.110417 0.148438 0.112500 0.148438 0.116667 0.146875 0.118750 0.146875 0.122917 0.145313 0.125000 0.145313 0.129167 0.143750 0.131250 0.143750 0.133333 0.142187 0.135417 0.142187 0.139583 0.140625 0.141667 0.140625 0.143750 0.139063 0.145833 0.139063 0.150000 0.137500 0.152083 0.137500 0.154167 0.135937 0.156250 0.135937 0.160417 0.134375 0.162500 0.134375 0.164583 0.132812 0.166667 0.132812 0.170833 0.131250 0.172917 0.131250 0.175000 0.129688 0.177083 0.129688 0.179167 0.128125 0.181250 0.128125 0.183333 0.126562 0.185417 0.126562 0.189583 0.125000 0.191667 0.125000 0.195833 0.123438 0.197917 0.123438 0.202083 0.121875 0.204167 0.121875 0.206250 0.120313 0.208333 0.120313 0.210417 0.118750 0.212500 0.118750 0.216667 0.117188 0.218750 0.117188 0.222917 0.115625 0.225000 0.115625 0.229167 0.114062 0.231250 0.114062 0.233333 0.112500 0.235417 0.112500 0.239583 0.110937 0.241667 0.110937 0.245833 0.109375 0.247917 0.109375 0.252083 0.107813 0.254167 0.107813 0.260417 0.106250 0.262500 0.106250 0.264583 0.104688 0.266667 0.104688 0.268750 0.103125 0.270833 0.103125 0.275000 0.101562 0.277083 0.101562 0.281250 0.100000 0.283333 0.100000 0.287500 0.098437 0.289583 0.098437 0.293750 0.096875 0.295833 0.096875 0.300000 0.095312 0.302083 0.095312 0.306250 0.093750 0.308333 0.093750 0.314583 0.092188 0.316667 0.092188 0.318750 0.090625 0.320833 0.090625 0.327083 0.089063 0.329167 0.089063 0.337500 0.087500 0.339583 0.087500 0.343750 0.085938 0.345833 0.085938 0.352083 0.084375 0.354167 0.084375 0.358333 0.078125 0.366667 0.078125 0.368750 0.073438 0.375000 0.073438 0.395833 0.075000 0.397917 0.075000 0.418750 0.076563 0.420833 0.076563 0.439583 0.078125 0.441667 0.078125 0.462500 0.079687 0.464583 0.079687 0.477083 0.081250 0.479167 0.081250 0.481250 0.084375 0.485417 0.117188 0.485417 0.118750 0.487500 0.171875 0.487500 0.173437 0.485417 0.175000 0.485417 0.178125 0.481250 0.178125 0.477083 0.179688 0.475000 0.179688 0.437500 0.178125 0.435417 0.178125 0.389583 0.176563 0.387500 0.176563 0.375000 0.178125 0.372917 0.178125 0.368750 0.179688 0.366667 0.179688 0.356250 0.181250 0.354167 0.181250 0.345833 0.182812 0.343750 0.182812 0.335417 0.184375 0.333333 0.184375 0.322917 0.185938 0.320833 0.185938 0.308333 0.187500 0.306250 0.187500 0.297917 0.189062 0.295833 0.189062 0.285417 0.190625 0.283333 0.190625 0.272917 0.192188 0.270833 0.192188 0.262500 0.193750 0.260417 0.193750 0.252083 0.195312 0.250000 0.195312 0.239583 0.196875 0.237500 0.196875 0.229167 0.198437 0.227083 0.198437 0.216667 0.200000 0.214583 0.200000 0.206250 0.201563 0.204167 0.201563 0.191667 0.203125 0.189583 0.203125 0.177083 0.204687 0.175000 0.204687 0.168750 0.206250 0.166667 0.206250 0.160417 0.207813 0.158333 0.207813 0.150000 0.209375 0.147917 0.209375 0.137500 0.210938 0.135417 0.210938 0.125000 0.212500 0.122917 0.212500 0.116667 0.214062 0.114583 0.214062 0.104167 0.215625 0.102083 0.215625 0.083333 0.214062 0.083333 0.212500 0.081250 0.209375 0.081250 0.207813 0.079167 0.204687 0.079167 0.203125 0.077083 0.195312 0.077083 0.193750 0.075000 0.175000 0.075000 0.173437 0.072917
2 0.415625 0.116667 0.412500 0.120833 0.412500 0.122917 0.414062 0.122917 0.417187 0.127083 0.417187 0.131250 0.415625 0.133333 0.415625 0.139583 0.414062 0.141667 0.415625 0.143750 0.415625 0.166667 0.417187 0.168750 0.417187 0.179167 0.418750 0.181250 0.418750 0.189583 0.420312 0.191667 0.420312 0.202083 0.421875 0.204167 0.421875 0.214583 0.423438 0.216667 0.423438 0.225000 0.425000 0.227083 0.425000 0.235417 0.426563 0.237500 0.426563 0.247917 0.428125 0.250000 0.428125 0.260417 0.429688 0.262500 0.429688 0.277083 0.431250 0.279167 0.431250 0.289583 0.432812 0.291667 0.432812 0.304167 0.434375 0.306250 0.434375 0.316667 0.435937 0.318750 0.435937 0.327083 0.437500 0.329167 0.437500 0.341667 0.439063 0.343750 0.439063 0.350000 0.440625 0.352083 0.440625 0.364583 0.442188 0.366667 0.442188 0.377083 0.443750 0.379167 0.443750 0.389583 0.445312 0.391667 0.445312 0.408333 0.446875 0.410417 0.446875 0.418750 0.448437 0.420833 0.448437 0.427083 0.446875 0.429167 0.446875 0.435417 0.445312 0.437500 0.445312 0.441667 0.443750 0.443750 0.443750 0.450000 0.442188 0.452083 0.442188 0.456250 0.440625 0.458333 0.440625 0.464583 0.439063 0.466667 0.439063 0.470833 0.437500 0.472917 0.437500 0.477083 0.435937 0.479167 0.435937 0.483333 0.434375 0.485417 0.434375 0.491667 0.432812 0.493750 0.432812 0.500000 0.431250 0.502083 0.431250 0.516667 0.432812 0.518750 0.435937 0.518750 0.437500 0.520833 0.443750 0.520833 0.445312 0.522917 0.454688 0.522917 0.456250 0.525000 0.464062 0.525000 0.465625 0.527083 0.475000 0.527083 0.476562 0.529167 0.484375 0.529167 0.485938 0.531250 0.495312 0.531250 0.496875 0.533333 0.507812 0.533333 0.510938 0.529167 0.510938 0.527083 0.512500 0.525000 0.512500 0.520833 0.514062 0.518750 0.514062 0.516667 0.515625 0.514583 0.515625 0.510417 0.517188 0.508333 0.517188 0.504167 0.518750 0.502083 0.518750 0.500000 0.520312 0.497917 0.520312 0.493750 0.521875 0.491667 0.521875 0.487500 0.523438 0.485417 0.523438 0.483333 0.525000 0.481250 0.525000 0.477083 0.526563 0.475000 0.526563 0.470833 0.528125 0.468750 0.528125 0.464583 0.529687 0.462500 0.529687 0.460417 0.531250 0.458333 0.531250 0.452083 0.532813 0.450000 0.532813 0.441667 0.531250 0.439583 0.531250 0.429167 0.529687 0.427083 0.529687 0.418750 0.528125 0.416667 0.528125 0.412500 0.526563 0.410417 0.526563 0.404167 0.525000 0.402083 0.525000 0.400000 0.523438 0.397917 0.523438 0.395833 0.521875 0.393750 0.521875 0.389583 0.520312 0.387500 0.520312 0.379167 0.518750 0.377083 0.518750 0.375000 0.515625 0.370833 0.515625 0.366667 0.514062 0.364583 0.514062 0.358333 0.512500 0.356250 0.512500 0.352083 0.510938 0.350000 0.510938 0.345833 0.509375 0.343750 0.509375 0.339583 0.507812 0.337500 0.507812 0.335417 0.506250 0.333333 0.506250 0.329167 0.504687 0.327083 0.504687 0.322917 0.503125 0.320833 0.503125 0.314583 0.501563 0.312500 0.501563 0.308333 0.500000 0.306250 0.500000 0.302083 0.498437 0.300000 0.498437 0.293750 0.496875 0.291667 0.496875 0.287500 0.495312 0.285417 0.495312 0.283333 0.493750 0.281250 0.493750 0.279167 0.492188 0.277083 0.492188 0.275000 0.490625 0.272917 0.490625 0.268750 0.489063 0.266667 0.489063 0.262500 0.487500 0.260417 0.487500 0.254167 0.485938 0.252083 0.485938 0.243750 0.484375 0.241667 0.484375 0.235417 0.482812 0.233333 0.482812 0.231250 0.481250 0.229167 0.481250 0.225000 0.479687 0.222917 0.479687 0.218750 0.478125 0.216667 0.478125 0.210417 0.476562 0.208333 0.476562 0.202083 0.475000 0.200000 0.475000 0.195833 0.473438 0.193750 0.473438 0.187500 0.471875 0.185417 0.471875 0.181250 0.470313 0.179167 0.470313 0.175000 0.468750 0.172917 0.468750 0.168750 0.467187 0.166667 0.467187 0.162500 0.465625 0.160417 0.465625 0.156250 0.464062 0.154167 0.464062 0.150000 0.462500 0.147917 0.462500 0.141667 0.460938 0.139583 0.460938 0.135417 0.459375 0.133333 0.459375 0.131250 0.456250 0.127083 0.451562 0.127083 0.450000 0.125000 0.442188 0.125000 0.440625 0.122917 0.434375 0.122917 0.432812 0.120833 0.426563 0.120833 0.425000 0.118750 0.421875 0.118750 0.420312 0.116667
3 0.512500 0.350000 0.512500 0.358333 0.514062 0.360417 0.514062 0.366667 0.515625 0.368750 0.515625 0.375000 0.517188 0.377083 0.517188 0.381250 0.518750 0.383333 0.518750 0.387500 0.520312 0.389583 0.520312 0.391667 0.521875 0.393750 0.521875 0.395833 0.525000 0.400000 0.525000 0.402083 0.526563 0.404167 0.526563 0.406250 0.528125 0.408333 0.528125 0.412500 0.531250 0.416667 0.531250 0.418750 0.540625 0.431250 0.542188 0.431250 0.546875 0.437500 0.548438 0.437500 0.557813 0.450000 0.559375 0.450000 0.570312 0.464583 0.571875 0.464583 0.581250 0.477083 0.582812 0.477083 0.584375 0.479167 0.585938 0.477083 0.589063 0.477083 0.589063 0.475000 0.590625 0.472917 0.590625 0.470833 0.589063 0.468750 0.589063 0.466667 0.578125 0.452083 0.576562 0.452083 0.575000 0.450000 0.575000 0.447917 0.573438 0.445833 0.571875 0.445833 0.556250 0.425000 0.554688 0.425000 0.548438 0.416667 0.548438 0.414583 0.546875 0.412500 0.546875 0.410417 0.545312 0.408333 0.545312 0.404167 0.543750 0.402083 0.543750 0.400000 0.542188 0.397917 0.542188 0.395833 0.540625 0.393750 0.540625 0.391667 0.539062 0.389583 0.539062 0.387500 0.534375 0.381250 0.534375 0.379167 0.531250 0.375000 0.529687 0.375000 0.526563 0.370833 0.526563 0.368750 0.521875 0.362500 0.521875 0.360417 0.517188 0.354167 0.517188 0.352083 0.514062 0.352083
4 0.420312 0.906250 0.418750 0.908333 0.414062 0.908333 0.412500 0.910417 0.410938 0.910417 0.409375 0.912500 0.407813 0.912500 0.406250 0.914583 0.398438 0.914583 0.396875 0.916667 0.393750 0.916667 0.392188 0.918750 0.392188 0.920833 0.390625 0.922917 0.390625 0.925000 0.392188 0.927083 0.392188 0.931250 0.393750 0.933333 0.393750 0.937500 0.392188 0.939583 0.392188 0.958333 0.396875 0.964583 0.406250 0.964583 0.407813 0.962500 0.414062 0.962500 0.415625 0.960417 0.418750 0.960417 0.420312 0.958333 0.443750 0.958333 0.445312 0.960417 0.453125 0.960417 0.454688 0.962500 0.465625 0.962500 0.467187 0.964583 0.473438 0.964583 0.475000 0.966667 0.481250 0.966667 0.482812 0.968750 0.487500 0.968750 0.489063 0.970833 0.496875 0.970833 0.498437 0.972917 0.504687 0.972917 0.506250 0.975000 0.515625 0.975000 0.517188 0.977083 0.523438 0.977083 0.525000 0.979167 0.534375 0.979167 0.535937 0.981250 0.543750 0.981250 0.545312 0.983333 0.553125 0.983333 0.554688 0.985417 0.568750 0.985417 0.570312 0.987500 0.578125 0.987500 0.579688 0.985417 0.581250 0.985417 0.584375 0.981250 0.584375 0.964583 0.579688 0.958333 0.576562 0.958333 0.575000 0.956250 0.573438 0.956250 0.571875 0.958333 0.559375 0.958333 0.557813 0.960417 0.546875 0.960417 0.545312 0.958333 0.537500 0.958333 0.535937 0.956250 0.531250 0.956250 0.529687 0.954167 0.523438 0.954167 0.521875 0.952083 0.520312 0.952083 0.518750 0.950000 0.514062 0.950000 0.512500 0.947917 0.509375 0.947917 0.507812 0.945833 0.503125 0.945833 0.501563 0.943750 0.500000 0.943750 0.498437 0.941667 0.495312 0.941667 0.493750 0.939583 0.490625 0.939583 0.489063 0.937500 0.487500 0.937500 0.485938 0.935417 0.482812 0.935417 0.481250 0.933333 0.478125 0.933333 0.476562 0.931250 0.473438 0.931250 0.471875 0.929167 0.470313 0.929167 0.468750 0.927083 0.467187 0.927083 0.465625 0.925000 0.462500 0.925000 0.460938 0.922917 0.459375 0.922917 0.457813 0.920833 0.456250 0.920833 0.454688 0.918750 0.451562 0.918750 0.450000 0.916667 0.446875 0.916667 0.445312 0.914583 0.442188 0.914583 0.440625 0.912500 0.437500 0.912500 0.434375 0.908333 0.428125 0.908333 0.426563 0.906250
1 0.220312 0.900000 0.217188 0.904167 0.217188 0.916667 0.218750 0.918750 0.218750 0.943750 0.220312 0.945833 0.221875 0.945833 0.223438 0.947917 0.246875 0.947917 0.248438 0.945833 0.285938 0.945833 0.287500 0.943750 0.293750 0.943750 0.295312 0.945833 0.296875 0.945833 0.298438 0.947917 0.298438 0.950000 0.298438 0.947917 0.300000 0.945833 0.301563 0.945833 0.301563 0.943750 0.303125 0.941667 0.303125 0.937500 0.301563 0.935417 0.301563 0.931250 0.298438 0.927083 0.298438 0.922917 0.296875 0.922917 0.293750 0.918750 0.292187 0.918750 0.289062 0.914583 0.285938 0.914583 0.284375 0.912500 0.282813 0.912500 0.281250 0.910417 0.278125 0.910417 0.276562 0.908333 0.275000 0.908333 0.273438 0.906250 0.265625 0.906250 0.264062 0.904167 0.256250 0.904167 0.254688 0.902083 0.245312 0.902083 0.243750 0.900000
1 0.432812 0.110417 0.434375 0.110417 0.435937 0.112500 0.437500 0.112500 0.439063 0.114583 0.446875 0.114583 0.448437 0.116667 0.450000 0.116667 0.451562 0.118750 0.453125 0.118750 0.453125 0.116667 0.451562 0.114583 0.450000 0.114583 0.446875 0.110417
1 0.412500 0.106250 0.421875 0.106250 0.423438 0.108333 0.425000 0.108333 0.425000 0.106250
1 0.193750 0.070833 0.196875 0.075000 0.210938 0.075000 0.212500 0.077083 0.214062 0.077083 0.218750 0.083333 0.217188 0.085417 0.217188 0.106250 0.215625 0.108333 0.215625 0.125000 0.214062 0.127083 0.214062 0.135417 0.212500 0.137500 0.212500 0.147917 0.210938 0.150000 0.210938 0.160417 0.209375 0.162500 0.209375 0.170833 0.207813 0.172917 0.207813 0.189583 0.206250 0.191667 0.206250 0.200000 0.204687 0.202083 0.204687 0.210417 0.203125 0.212500 0.203125 0.225000 0.201563 0.227083 0.201563 0.239583 0.200000 0.241667 0.200000 0.250000 0.201563 0.252083 0.201563 0.254167 0.200000 0.256250 0.200000 0.270833 0.198437 0.272917 0.198437 0.289583 0.195312 0.293750 0.196875 0.295833 0.196875 0.297917 0.193750 0.302083 0.195312 0.302083 0.196875 0.304167 0.196875 0.306250 0.195312 0.308333 0.193750 0.308333 0.193750 0.310417 0.195312 0.312500 0.195312 0.314583 0.193750 0.316667 0.193750 0.318750 0.195312 0.320833 0.192188 0.325000 0.192188 0.327083 0.190625 0.329167 0.189062 0.329167 0.189062 0.335417 0.187500 0.337500 0.189062 0.339583 0.189062 0.350000 0.185938 0.354167 0.185938 0.356250 0.187500 0.358333 0.187500 0.362500 0.185938 0.364583 0.185938 0.366667 0.187500 0.368750 0.185938 0.370833 0.189062 0.375000 0.189062 0.387500 0.187500 0.389583 0.187500 0.400000 0.185938 0.402083 0.185938 0.404167 0.187500 0.406250 0.187500 0.416667 0.185938 0.418750 0.185938 0.422917 0.184375 0.425000 0.184375 0.445833 0.182812 0.447917 0.182812 0.468750 0.181250 0.470833 0.181250 0.481250 0.178125 0.485417 0.176563 0.485417 0.173437 0.489583 0.173437 0.491667 0.171875 0.493750 0.171875 0.591667 0.170313 0.593750 0.170313 0.595833 0.168750 0.597917 0.168750 0.600000 0.167187 0.602083 0.167187 0.606250 0.165625 0.608333 0.165625 0.625000 0.167187 0.627083 0.168750 0.627083 0.170313 0.629167 0.170313 0.631250 0.171875 0.633333 0.171875 0.635417 0.173437 0.637500 0.173437 0.670833 0.175000 0.672917 0.175000 0.739583 0.176563 0.741667 0.176563 0.791667 0.178125 0.793750 0.178125 0.806250 0.181250 0.810417 0.182812 0.810417 0.184375 0.812500 0.189062 0.812500 0.190625 0.814583 0.196875 0.814583 0.198437 0.816667 0.203125 0.816667 0.204687 0.818750 0.209375 0.818750 0.210938 0.820833 0.215625 0.820833 0.217188 0.822917 0.220312 0.822917 0.221875 0.825000 0.225000 0.825000 0.226562 0.827083 0.229687 0.827083 0.231250 0.829167 0.234375 0.829167 0.235937 0.831250 0.240625 0.831250 0.242188 0.833333 0.248438 0.833333 0.250000 0.835417 0.253125 0.835417 0.254688 0.837500 0.260937 0.837500 0.262500 0.839583 0.268750 0.839583 0.270313 0.841667 0.273438 0.841667 0.275000 0.839583 0.278125 0.839583 0.279687 0.837500 0.282813 0.837500 0.285938 0.833333 0.287500 0.833333 0.290625 0.829167 0.303125 0.829167 0.306250 0.833333 0.307812 0.833333 0.310937 0.837500 0.315625 0.837500 0.317188 0.839583 0.318750 0.839583 0.320312 0.841667 0.325000 0.841667 0.326562 0.843750 0.328125 0.843750 0.329688 0.845833 0.334375 0.845833 0.335938 0.847917 0.340625 0.847917 0.342187 0.850000 0.343750 0.850000 0.345313 0.852083 0.348438 0.852083 0.351562 0.856250 0.354687 0.856250 0.356250 0.858333 0.357812 0.858333 0.359375 0.860417 0.360938 0.860417 0.364063 0.864583 0.365625 0.864583 0.368750 0.868750 0.370312 0.868750 0.371875 0.870833 0.375000 0.870833 0.375000 0.868750 0.376563 0.866667 0.376563 0.860417 0.378125 0.858333 0.378125 0.845833 0.379688 0.843750 0.379688 0.833333 0.381250 0.831250 0.381250 0.820833 0.382812 0.818750 0.382812 0.806250 0.384375 0.804167 0.384375 0.791667 0.385937 0.789583 0.385937 0.779167 0.387500 0.777083 0.387500 0.764583 0.389062 0.762500 0.389062 0.752083 0.390625 0.750000 0.390625 0.737500 0.392188 0.735417 0.392188 0.720833 0.393750 0.718750 0.393750 0.708333 0.395313 0.706250 0.395313 0.691667 0.396875 0.689583 0.396875 0.677083 0.398438 0.675000 0.398438 0.662500 0.400000 0.660417 0.400000 0.647917 0.401562 0.645833 0.401562 0.633333 0.403125 0.631250 0.403125 0.618750 0.404687 0.616667 0.404687 0.606250 0.406250 0.604167 0.406250 0.593750 0.407813 0.591667 0.407813 0.577083 0.409375 0.575000 0.409375 0.562500 0.410938 0.560417 0.410938 0.545833 0.412500 0.543750 0.412500 0.533333 0.414062 0.531250 0.414062 0.518750 0.415625 0.516667 0.415625 0.502083 0.417187 0.500000 0.417187 0.487500 0.418750 0.485417 0.418750 0.475000 0.420312 0.472917 0.420312 0.462500 0.421875 0.460417 0.421875 0.437500 0.420312 0.435417 0.420312 0.422917 0.418750 0.420833 0.418750 0.410417 0.417187 0.408333 0.417187 0.391667 0.415625 0.389583 0.415625 0.375000 0.414062 0.372917 0.414062 0.358333 0.412500 0.356250 0.412500 0.339583 0.410938 0.337500 0.410938 0.327083 0.409375 0.325000 0.409375 0.320833 0.407813 0.318750 0.407813 0.316667 0.409375 0.314583 0.409375 0.312500 0.407813 0.310417 0.407813 0.295833 0.406250 0.293750 0.406250 0.272917 0.404687 0.270833 0.404687 0.258333 0.403125 0.256250 0.403125 0.247917 0.401562 0.245833 0.401562 0.233333 0.400000 0.231250 0.401562 0.229167 0.401562 0.227083 0.400000 0.225000 0.400000 0.214583 0.398438 0.212500 0.398438 0.191667 0.396875 0.189583 0.396875 0.166667 0.398438 0.164583 0.398438 0.154167 0.400000 0.152083 0.400000 0.143750 0.401562 0.141667 0.401562 0.133333 0.403125 0.131250 0.403125 0.127083 0.404687 0.125000 0.404687 0.120833 0.406250 0.118750 0.406250 0.116667 0.404687 0.114583 0.404687 0.112500 0.406250 0.110417 0.406250 0.108333 0.407813 0.106250 0.409375 0.106250 0.407813 0.104167 0.406250 0.104167 0.404687 0.102083 0.395313 0.102083 0.393750 0.100000 0.385937 0.100000 0.384375 0.097917 0.373437 0.097917 0.371875 0.095833 0.360938 0.095833 0.359375 0.093750 0.348438 0.093750 0.346875 0.091667 0.334375 0.091667 0.332813 0.089583 0.321875 0.089583 0.320312 0.087500 0.307812 0.087500 0.306250 0.085417 0.296875 0.085417 0.295312 0.083333 0.284375 0.083333 0.282813 0.081250 0.271875 0.081250 0.270313 0.079167 0.259375 0.079167 0.257812 0.077083 0.242188 0.077083 0.240625 0.075000 0.218750 0.075000 0.217188 0.072917 0.207813 0.072917 0.206250 0.070833
1 0.175000 0.068750 0.179688 0.068750 0.181250 0.070833 0.190625 0.070833 0.185938 0.070833 0.184375 0.068750